0 0 0 0 0
0 0 0 0 0
0 0 0 0 0
0 0 0 0 0
0 0 0 0 0
0 0 0 0 0
0 0 0 0 0
0 0 0 0 0
0 0 0 0 0
8.16681e-07 -0.0266567 -0.00017054 -9.08433e-05 -8.41766e-07
3.9306e-06 -0.101155 -0.000495375 -0.000679824 -4.15158e-06
1.05483e-05 -0.223578 -0.000960772 -0.00225769 -1.14055e-05
2.16482e-05 -0.387111 -0.00155508 -0.00527312 -2.39522e-05
3.80182e-05 -0.583222 -0.00226836 -0.0100951 -4.30325e-05
6.02872e-05 -0.80347 -0.00309214 -0.0170066 -6.97946e-05
8.89514e-05 -1.04009 -0.00401911 -0.0262094 -0.000105308
0.000124396 -1.28612 -0.00504295 -0.0378317 -0.000150573
0.000166911 -1.53541 -0.00615818 -0.0519361 -0.000206532
0.000216712 -1.78252 -0.00735999 -0.0685271 -0.000274075
0.000273944 -2.02269 -0.00864414 -0.0875588 -0.000354048
0.000338699 -2.25177 -0.0100069 -0.10894 -0.000447255
0.000411023 -2.46615 -0.0114448 -0.132542 -0.000554465
0.000490918 -2.66276 -0.012955 -0.158201 -0.000676416
0.000578356 -2.83897 -0.0145346 -0.185727 -0.000813816
0.000673278 -2.99262 -0.0161811 -0.214904 -0.000967347
0.0007756 -3.12196 -0.0178922 -0.245497 -0.00113767
0.000885217 -3.22564 -0.0196658 -0.277256 -0.00132541
0.00100201 -3.30267 -0.0214998 -0.30992 -0.00153119
0.00112583 -3.35244 -0.0233924 -0.343218 -0.00175561
0.00125653 -3.37465 -0.0253417 -0.376876 -0.00199924
0.00139394 -3.36933 -0.0273461 -0.410618 -0.00226263
0.00153789 -3.33681 -0.0294039 -0.444171 -0.00254634
0.00168818 -3.27769 -0.0315136 -0.477265 -0.00285089
0.00184463 -3.19285 -0.0336738 -0.509639 -0.00317679
0.00200704 -3.0834 -0.0358829 -0.54104 -0.00352453
0.00217518 -2.95068 -0.0381395 -0.571229 -0.0038946
0.00234886 -2.79622 -0.0404424 -0.599981 -0.00428748
0.00252785 -2.62173 -0.0427903 -0.627086 -0.0047036
0.00271191 -2.42911 -0.0451817 -0.652355 -0.00514343
0.00290084 -2.22036 -0.0476157 -0.675615 -0.00560738
0.00309438 -1.99761 -0.0500908 -0.696715 -0.00609588
0.00329231 -1.76308 -0.052606 -0.715527 -0.00660933
0.00349438 -1.51905 -0.0551601 -0.731945 -0.00714813
0.00370036 -1.26788 -0.057752 -0.745885 -0.00771266
0.00391 -1.01191 -0.0603806 -0.757287 -0.00830329
0.00412304 -0.753503 -0.0630449 -0.766115 -0.00892039
0.00433925 -0.495006 -0.0657438 -0.772356 -0.0095643
0.00455837 -0.238717 -0.0684763 -0.776022 -0.0102354
0.00478015 0.013124 -0.0712414 -0.777145 -0.0109339
0.00500434 0.258355 -0.0740382 -0.775782 -0.0116603
0.00523068 0.494913 -0.0768657 -0.772007 -0.0124148
0.00545892 0.720849 -0.079723 -0.765919 -0.0131977
0.00568881 0.934341 -0.0826092 -0.757632 -0.0140094
0.00592009 1.13371 -0.0855234 -0.747279 -0.01485
0.00615251 1.31744 -0.0884649 -0.73501 -0.0157199
0.00638581 1.48417 -0.0914327 -0.720987 -0.0166194
0.00661974 1.63272 -0.0944261 -0.705387 -0.0175487
0.00685405 1.76209 -0.0974442 -0.688396 -0.018508
0.00708848 1.87147 -0.100486 -0.670212 -0.0194976
0.00732278 1.96024 -0.103552 -0.651036 -0.0205178
0.00755671 2.02796 -0.10664 -0.631077 -0.0215687
0.00779002 2.07441 -0.10975 -0.610548 -0.0226507
0.00802245 2.09954 -0.112881 -0.58966 -0.0237638
0.00825377 2.10349 -0.116032 -0.568628 -0.0249084
0.00848373 2.08661 -0.119204 -0.54766 -0.0260845
0.0087121 2.04939 -0.122394 -0.526963 -0.0272925
0.00893863 1.99251 -0.125603 -0.506738 -0.0285325
0.00916308 1.91681 -0.128831 -0.487176 -0.0298046
0.00938524 1.82327 -0.132075 -0.468461 -0.0311091
0.00960485 1.71303 -0.135337 -0.450766 -0.0324462
0.00982171 1.58734 -0.138615 -0.434252 -0.0338159
0.0100356 1.44756 -0.141909 -0.419066 -0.0352185
0.0102462 1.29515 -0.145218 -0.405343 -0.0366542
0.0104535 1.13167 -0.148543 -0.3932 -0.038123
0.0106571 0.958742 -0.151881 -0.382741 -0.0396251
0.0108568 0.778025 -0.155234 -0.374051 -0.0411606
0.0110525 0.591233 -0.1586 -0.367201 -0.0427298
0.011244 0.400097 -0.161979 -0.362241 -0.0443327
0.011431 0.206354 -0.165371 -0.359208 -0.0459694
0.0116133 0.0117335 -0.168775 -0.358117 -0.0476401
0.0117908 -0.182061 -0.172191 -0.35897 -0.0493449
0.0119633 -0.373364 -0.175618 -0.36175 -0.051084
0.0121306 -0.560561 -0.179057 -0.366424 -0.0528573
0.0122925 -0.742106 -0.182506 -0.372942 -0.0546651
0.0124489 -0.916528 -0.185966 -0.381242 -0.0565075
0.0125995 -1.08245 -0.189437 -0.391245 -0.0583845
0.0127443 -1.23859 -0.192916 -0.402858 -0.0602962
0.012883 -1.38377 -0.196406 -0.41598 -0.0622429
0.0130156 -1.51695 -0.199905 -0.430494 -0.0642244
0.0131418 -1.6372 -0.203413 -0.446276 -0.066241
0.0132615 -1.74371 -0.206929 -0.463192 -0.0682927
0.0133747 -1.83583 -0.210454 -0.481102 -0.0703796
0.0134811 -1.91304 -0.213987 -0.499859 -0.0725018
0.0135807 -1.97494 -0.217528 -0.519312 -0.0746594
0.0136732 -2.0213 -0.221076 -0.539306 -0.0768524
0.0137587 -2.05201 -0.224632 -0.559685 -0.0790809
0.013837 -2.06711 -0.228196 -0.580294 -0.081345
0.013908 -2.06678 -0.231766 -0.600976 -0.0836448
0.0139716 -2.05132 -0.235343 -0.621579 -0.0859804
0.0140277 -2.02116 -0.238926 -0.641954 -0.0883517
0.0140762 -1.97685 -0.242516 -0.661955 -0.0907589
0.014117 -1.91907 -0.246112 -0.681446 -0.0932021
0.0141502 -1.84839 -0.249713 -0.700293 -0.0956812
0.0141755 -1.76448 -0.253311 -0.718369 -0.0981963
0.0141928 -1.66647 -0.256902 -0.735537 -0.100747
0.0142019 -1.55365 -0.260479 -0.75165 -0.103334
0.0142026 -1.4257 -0.264039 -0.766561 -0.105957
0.0141946 -1.28277 -0.267576 -0.780117 -0.108615
0.0141777 -1.12539 -0.271088 -0.792171 -0.111308
0.0141517 -0.954451 -0.274571 -0.802582 -0.114037
0.0141162 -0.771113 -0.278022 -0.811221 -0.1168
0.014071 -0.57679 -0.281439 -0.817971 -0.119597
0.0140159 -0.373077 -0.284818 -0.822729 -0.122428
0.0139505 -0.161716 -0.288158 -0.82541 -0.125293
0.0138747 0.0554385 -0.291456 -0.825948 -0.128191
0.0137883 0.276452 -0.29471 -0.824292 -0.131122
0.0136909 0.49934 -0.297919 -0.820416 -0.134085
0.0135825 0.722099 -0.30108 -0.814309 -0.13708
0.0134627 0.942729 -0.304192 -0.805984 -0.140107
0.0133315 1.15927 -0.307254 -0.795472 -0.143164
0.0131886 1.36979 -0.310263 -0.782823 -0.146251
0.0130339 1.57248 -0.31322 -0.768106 -0.149369
0.0128672 1.7656 -0.316122 -0.751408 -0.152516
0.0126885 1.94751 -0.318967 -0.732835 -0.155691
0.0124975 2.11676 -0.321756 -0.712504 -0.158895
0.0122943 2.27199 -0.324486 -0.690549 -0.162126
0.0120787 2.41206 -0.327157 -0.667118 -0.165384
0.0118506 2.53598 -0.329767 -0.642365 -0.168669
0.0116101 2.64293 -0.332314 -0.616458 -0.171979
0.0113569 2.73231 -0.334799 -0.589568 -0.175315
0.0110912 2.80369 -0.337218 -0.561875 -0.178675
0.0108128 2.85686 -0.339571 -0.533559 -0.182059
0.0105218 2.89177 -0.341857 -0.504802 -0.185466
0.0102182 2.90861 -0.344073 -0.475787 -0.188896
0.00990183 2.9077 -0.346219 -0.446692 -0.192347
0.00957284 2.88957 -0.348292 -0.417693 -0.19582
0.00923122 2.85491 -0.350291 -0.388959 -0.199313
0.00887697 2.80455 -0.352214 -0.360651 -0.202825
0.00851013 2.73949 -0.35406 -0.332921 -0.206357
0.00813072 2.66082 -0.355826 -0.30591 -0.209906
0.00773879 2.56977 -0.357511 -0.279749 -0.213473
0.00733438 2.46762 -0.359112 -0.254555 -0.217056
0.00691754 2.35577 -0.360628 -0.230433 -0.220655
0.00648832 2.23564 -0.362057 -0.207471 -0.224268
0.00604679 2.10871 -0.363398 -0.185746 -0.227896
0.00559301 1.97644 -0.364648 -0.165319 -0.231536
0.00512707 1.84032 -0.365805 -0.146234 -0.235188
0.00464906 1.70182 -0.366869 -0.128524 -0.238852
0.00415905 1.56235 -0.367836 -0.112205 -0.242525
0.00365717 1.42328 -0.368707 -0.0972801 -0.246208
0.00314353 1.2859 -0.36948 -0.0837382 -0.249899
0.00261824 1.15143 -0.370153 -0.0715564 -0.253597
0.00208147 1.02099 -0.370726 -0.0607002 -0.257302
0.00153335 0.895572 -0.371198 -0.0511239 -0.261011
0.000974059 0.776081 -0.371568 -0.0427729 -0.264725
0.000403786 0.663278 -0.371835 -0.0355839 -0.268442
-0.000177267 0.557799 -0.372001 -0.0294867 -0.272162
-0.000768878 0.460145 -0.372064 -0.0244055 -0.275882
-0.0013708 0.37068 -0.372025 -0.0202601 -0.279603
-0.00198278 0.289633 -0.371885 -0.0169673 -0.283322
-0.00260452 0.217095 -0.371644 -0.0144423 -0.28704
-0.00323572 0.153027 -0.371304 -0.0126002 -0.290755
-0.00387605 0.0972655 -0.370866 -0.011357 -0.294466
-0.00452514 0.0495236 -0.370331 -0.0106309 -0.298172
-0.00518262 0.00940337 -0.369701 -0.0103436 -0.301872
-0.00584808 -0.0235961 -0.368978 -0.0104213 -0.305565
-0.00652109 -0.050067 -0.368165 -0.0107957 -0.309251
-0.00720119 -0.0706818 -0.367263 -0.0114048 -0.312928
-0.00788789 -0.0861816 -0.366277 -0.0121938 -0.316596
-0.00858068 -0.0973633 -0.365208 -0.0131153 -0.320254
-0.00927904 -0.105066 -0.36406 -0.0141303 -0.3239
-0.00998239 -0.110156 -0.362836 -0.0152085 -0.327535
-0.0106902 -0.113516 -0.361539 -0.016328 -0.331156
-0.0114017 -0.116031 -0.360173 -0.017476 -0.334765
-0.0121165 -0.118574 -0.358742 -0.0186485 -0.33836
-0.0128337 -0.12199 -0.35725 -0.0198498 -0.34194
-0.0135528 -0.127091 -0.355699 -0.021093 -0.345505
-0.014273 -0.134639 -0.354096 -0.0223987 -0.349054
-0.0149936 -0.14534 -0.352442 -0.0237949 -0.352586
-0.015714 -0.15983 -0.350742 -0.0253164 -0.356102
-0.0164333 -0.17867 -0.349001 -0.027004 -0.359601
-0.0171508 -0.202338 -0.347223 -0.0289036 -0.363082
-0.0178657 -0.231223 -0.34541 -0.0310656 -0.366545
-0.0185772 -0.26562 -0.343568 -0.0335437 -0.36999
-0.0192846 -0.305728 -0.3417 -0.0363941 -0.373417
-0.0199871 -0.351649 -0.33981 -0.0396745 -0.376824
-0.0206838 -0.403386 -0.337902 -0.0434431 -0.380213
-0.0213739 -0.460845 -0.335979 -0.0477578 -0.383582
-0.0220567 -0.523836 -0.334045 -0.0526748 -0.386932
-0.0227313 -0.592079 -0.332103 -0.0582482 -0.390263
-0.0233969 -0.665209 -0.330157 -0.0645287 -0.393575
-0.0240528 -0.742777 -0.32821 -0.0715631 -0.396866
-0.0246982 -0.824263 -0.326265 -0.0793931 -0.400139
-0.0253322 -0.90908 -0.324325 -0.0880551 -0.403392
-0.0259541 -0.996585 -0.322392 -0.0975793 -0.406625
-0.0265631 -1.08608 -0.32047 -0.107989 -0.40984
-0.0271585 -1.17685 -0.318561 -0.119301 -0.413035
-0.0277396 -1.26811 -0.316668 -0.131523 -0.416211
-0.0283055 -1.3591 -0.314792 -0.144658 -0.419368
-0.0288557 -1.44903 -0.312936 -0.158697 -0.422507
-0.0293894 -1.53712 -0.311102 -0.173627 -0.425627
-0.0299059 -1.62258 -0.309292 -0.189426 -0.428729
-0.0304046 -1.70468 -0.307507 -0.206063 -0.431813
-0.0308849 -1.78269 -0.305751 -0.223502 -0.43488
-0.0313461 -1.85593 -0.304023 -0.241697 -0.437928
-0.0317877 -1.92376 -0.302326 -0.260597 -0.44096
-0.032209 -1.98561 -0.300661 -0.280147 -0.443975
-0.0326095 -2.04096 -0.29903 -0.300283 -0.446974
-0.0329887 -2.08937 -0.297434 -0.320939 -0.449956
-0.033346 -2.13044 -0.295875 -0.342042 -0.452922
-0.033681 -2.16388 -0.294352 -0.363518 -0.455874
-0.0339932 -2.18945 -0.292869 -0.385289 -0.45881
-0.0342822 -2.20701 -0.291425 -0.407275 -0.461731
-0.0345475 -2.2165 -0.290023 -0.429398 -0.464638
-0.0347887 -2.21791 -0.288662 -0.451574 -0.467532
-0.0350054 -2.21133 -0.287345 -0.473725 -0.470412
-0.0351973 -2.19694 -0.286071 -0.49577 -0.473279
-0.0353641 -2.17495 -0.284842 -0.517634 -0.476134
-0.0355053 -2.14567 -0.28366 -0.539241 -0.478976
-0.0356209 -2.10946 -0.282524 -0.56052 -0.481807
-0.0357103 -2.06675 -0.281436 -0.581404 -0.484627
-0.0357735 -2.01799 -0.280396 -0.60183 -0.487436
-0.0358102 -1.9637 -0.279405 -0.621741 -0.490235
-0.0358202 -1.90426 -0.278463 -0.641083 -0.493024
-0.0358034 -1.83922 -0.277565 -0.659803 -0.495804
-0.0357596 -1.76757 -0.276706 -0.677841 -0.498576
-0.0356889 -1.68841 -0.275883 -0.695126 -0.501339
-0.0355913 -1.60107 -0.275091 -0.71158 -0.504093
-0.0354669 -1.50519 -0.274328 -0.727117 -0.50684
-0.0353158 -1.40071 -0.273591 -0.741653 -0.50958
-0.0351383 -1.28782 -0.272876 -0.755102 -0.512312
-0.0349345 -1.16694 -0.272181 -0.767381 -0.515038
-0.0347046 -1.03867 -0.271504 -0.778415 -0.517756
-0.034449 -0.903773 -0.270843 -0.788132 -0.520468
-0.0341679 -0.763161 -0.270194 -0.79647 -0.523173
-0.0338616 -0.617838 -0.269557 -0.803379 -0.525872
-0.0335304 -0.468896 -0.268929 -0.808815 -0.528564
-0.0331748 -0.317489 -0.268309 -0.812748 -0.53125
-0.0327951 -0.164814 -0.267694 -0.81516 -0.53393
-0.0323916 -0.0120923 -0.267084 -0.816044 -0.536604
-0.0319649 0.139449 -0.266476 -0.815405 -0.539272
-0.0315152 0.288592 -0.26587 -0.813263 -0.541934
-0.0310432 0.434142 -0.265263 -0.809645 -0.544589
-0.0305491 0.574942 -0.264655 -0.804596 -0.547239
-0.0300336 0.709885 -0.264044 -0.798166 -0.549882
-0.029497 0.837923 -0.263429 -0.790421 -0.55252
-0.0289399 0.958081 -0.262809 -0.781434 -0.555151
-0.0283627 1.06946 -0.262182 -0.771288 -0.557776
-0.0277661 1.17126 -0.261549 -0.760077 -0.560395
-0.0271505 1.26275 -0.260907 -0.747898 -0.563007
-0.0265164 1.34332 -0.260256 -0.734858 -0.565613
-0.0258645 1.41246 -0.259595 -0.721069 -0.568212
-0.0251952 1.46977 -0.258923 -0.706648 -0.570805
-0.0245091 1.51494 -0.25824 -0.691714 -0.57339
-0.0238069 1.54779 -0.257545 -0.676391 -0.575969
-0.023089 1.56823 -0.256837 -0.6608 -0.578541
-0.0223561 1.57631 -0.256115 -0.645067 -0.581106
-0.0216088 1.57216 -0.25538 -0.629315 -0.583664
-0.0208476 1.55603 -0.254631 -0.613664 -0.586214
-0.0200732 1.52824 -0.253867 -0.598233 -0.588756
-0.0192862 1.48924 -0.253088 -0.583136 -0.591291
-0.0184872 1.43956 -0.252293 -0.568484 -0.593818
-0.0176768 1.3798 -0.251483 -0.554379 -0.596337
-0.0168557 1.31066 -0.250658 -0.540919 -0.598848
-0.0160244 1.23287 -0.249817 -0.528194 -0.60135
-0.0151836 1.14727 -0.248959 -0.516288 -0.603844
-0.014334 1.05471 -0.248086 -0.505272 -0.606329
-0.0134761 0.956119 -0.247197 -0.495213 -0.608806
-0.0126106 0.852436 -0.246292 -0.486167 -0.611273
-0.0117381 0.74464 -0.245371 -0.478178 -0.613731
-0.0108593 0.633721 -0.244435 -0.471284 -0.61618
-0.00997485 0.520683 -0.243484 -0.465511 -0.61862
-0.00908528 0.406525 -0.242517 -0.460874 -0.62105
-0.00819129 0.292238 -0.241536 -0.457381 -0.62347
-0.0072935 0.178797 -0.24054 -0.455027 -0.625881
-0.00639254 0.0671472 -0.23953 -0.453799 -0.628281
-0.00548904 -0.0417961 -0.238506 -0.453675 -0.630671
-0.00458364 -0.147161 -0.23747 -0.454623 -0.633051
-0.00367695 -0.248124 -0.236421 -0.456603 -0.635421
-0.00276959 -0.343915 -0.235359 -0.459568 -0.637779
-0.00186218 -0.433824 -0.234287 -0.463462 -0.640128
-0.000955332 -0.517209 -0.233204 -0.468223 -0.642465
-4.96566e-05 -0.593494 -0.23211 -0.473783 -0.644792
0.000854246 -0.662178 -0.231007 -0.480067 -0.647107
0.00175578 -0.722839 -0.229896 -0.486999 -0.649412
0.00265434 -0.775129 -0.228777 -0.494496 -0.651705
0.00354936 -0.818786 -0.22765 -0.502473 -0.653987
0.00444025 -0.853624 -0.226518 -0.510843 -0.656258
0.00532643 -0.879543 -0.22538 -0.519516 -0.658518
0.00620735 -0.896519 -0.224238 -0.528404 -0.660766
0.00708243 -0.904612 -0.223092 -0.537417 -0.663002
0.00795114 -0.903955 -0.221944 -0.546467 -0.665228
0.00881292 -0.89476 -0.220795 -0.555467 -0.667441
0.00966724 -0.877307 -0.219645 -0.564334 -0.669643
0.0105136 -0.851946 -0.218496 -0.572987 -0.671834
0.0113514 -0.819088 -0.217348 -0.581348 -0.674013
0.0121802 -0.779206 -0.216203 -0.589345 -0.676181
0.0129995 -0.732822 -0.215062 -0.596911 -0.678337
0.0138088 -0.680509 -0.213926 -0.603982 -0.680482
0.0146077 -0.62288 -0.212796 -0.610503 -0.682616
0.0153955 -0.560585 -0.211674 -0.616424 -0.684738
0.016172 -0.494302 -0.210559 -0.621701 -0.686849
0.0169366 -0.424732 -0.209455 -0.626299 -0.68895
0.0176889 -0.352591 -0.208362 -0.630188 -0.691039
0.0184284 -0.278606 -0.20728 -0.633345 -0.693117
0.0191548 -0.203507 -0.206212 -0.635756 -0.695184
0.0198677 -0.128019 -0.205158 -0.637414 -0.697241
0.0205667 -0.0528572 -0.204121 -0.638317 -0.699287
0.0212513 0.0212779 -0.2031 -0.638474 -0.701324
0.0219212 0.093709 -0.202098 -0.637897 -0.70335
0.022576 0.163786 -0.201115 -0.636608 -0.705366
0.0232155 0.230891 -0.200153 -0.634632 -0.707372
0.0238392 0.294444 -0.199213 -0.632002 -0.709369
0.0244469 0.353907 -0.198296 -0.628757 -0.711356
0.0250383 0.408788 -0.197404 -0.624939 -0.713335
0.0256129 0.458645 -0.196538 -0.620598 -0.715304
0.0261707 0.503086 -0.1957 -0.615784 -0.717266
0.0267112 0.541777 -0.194889 -0.610555 -0.719218
0.0272343 0.574439 -0.194108 -0.604969 -0.721163
0.0277396 0.60085 -0.193359 -0.599087 -0.723101
0.028227 0.620851 -0.192641 -0.592973 -0.725031
0.0286963 0.634338 -0.191957 -0.586692 -0.726954
0.0291472 0.641269 -0.191307 -0.580308 -0.72887
0.0295795 0.641659 -0.190693 -0.573888 -0.73078
0.0299931 0.635582 -0.190116 -0.567497 -0.732684
0.0303878 0.623165 -0.189577 -0.561198 -0.734582
0.0307635 0.604591 -0.189078 -0.555054 -0.736476
0.0311199 0.580093 -0.188618 -0.549126 -0.738364
0.0314571 0.54995 -0.188201 -0.543471 -0.740248
0.0317748 0.514488 -0.187826 -0.538144 -0.742128
0.032073 0.474073 -0.187495 -0.533198 -0.744005
0.0323515 0.429108 -0.187209 -0.528678 -0.745878
0.0326104 0.380028 -0.186969 -0.524629 -0.747749
0.0328495 0.327297 -0.186776 -0.52109 -0.749618
0.0330689 0.271402 -0.186631 -0.518094 -0.751485
0.0332683 0.21285 -0.186535 -0.51567 -0.753351
0.033448 0.152161 -0.186489 -0.513844 -0.755216
0.0336077 0.0898642 -0.186494 -0.512633 -0.757081
0.0337476 0.0264949 -0.18655 -0.51205 -0.758946
0.0338677 -0.0374133 -0.18666 -0.512105 -0.760812
0.0339679 -0.101331 -0.186823 -0.512798 -0.762679
0.0340484 -0.164739 -0.18704 -0.514129 -0.764548
0.0341091 -0.227063 -0.187312 -0.51609 -0.76642
0.0341502 -0.287035 -0.187635 -0.518663 -0.768295
0.0341715 -0.342875 -0.188005 -0.521817 -0.770173
0.0341732 -0.392835 -0.18842 -0.525502 -0.772055
0.0341552 -0.43538 -0.188876 -0.52965 -0.773941
0.0341174 -0.46923 -0.189371 -0.534182 -0.775833
0.0340598 -0.493369 -0.189902 -0.539004 -0.777729
0.0339823 -0.507032 -0.190467 -0.544016 -0.779631
0.033885 -0.509685 -0.191064 -0.54911 -0.781538
0.0337677 -0.501008 -0.19169 -0.554175 -0.783452
0.0336305 -0.480882 -0.192345 -0.559095 -0.785372
0.0334732 -0.449374 -0.193025 -0.563757 -0.787299
0.033296 -0.406727 -0.193729 -0.568048 -0.789233
0.0330987 -0.353348 -0.194457 -0.571859 -0.791174
0.0328813 -0.289798 -0.195206 -0.575085 -0.793122
0.0326439 -0.216777 -0.195974 -0.577627 -0.795078
0.0323865 -0.135116 -0.196762 -0.579394 -0.797041
0.0321092 -0.0457603 -0.197568 -0.580306 -0.799013
0.0318119 0.0502413 -0.198391 -0.580291 -0.800993
0.0314948 0.151758 -0.199231 -0.579286 -0.802981
0.031158 0.257587 -0.200087 -0.577244 -0.804977
0.0308015 0.366472 -0.200958 -0.574127 -0.806983
0.0304256 0.477126 -0.201844 -0.569912 -0.808997
0.0300303 0.588239 -0.202745 -0.564586 -0.81102
0.0296158 0.698502 -0.203661 -0.558152 -0.813052
0.0291824 0.806621 -0.204592 -0.550626 -0.815093
0.0287303 0.911335 -0.205537 -0.542034 -0.817143
0.0282596 1.01143 -0.206497 -0.532417 -0.819204
0.0277706 1.10576 -0.207473 -0.521827 -0.821273
0.0272637 1.19325 -0.208463 -0.510327 -0.823353
0.0267391 1.27292 -0.209469 -0.49799 -0.825443
0.0261971 1.34388 -0.21049 -0.484899 -0.827542
0.025638 1.40535 -0.211526 -0.471146 -0.829652
0.0250623 1.4567 -0.212579 -0.456828 -0.831773
0.0244702 1.49737 -0.213647 -0.442049 -0.833904
0.0238621 1.52697 -0.214731 -0.426919 -0.836046
0.0232385 1.54523 -0.215831 -0.411549 -0.838199
0.0225996 1.55201 -0.216947 -0.396054 -0.840363
0.0219461 1.54731 -0.218078 -0.380549 -0.842538
0.0212781 1.53125 -0.219225 -0.365147 -0.844724
0.0205963 1.50408 -0.220388 -0.349962 -0.846922
0.019901 1.46618 -0.221565 -0.335103 -0.849132
0.0191927 1.41803 -0.222756 -0.320674 -0.851354
0.0184719 1.36022 -0.223962 -0.306776 -0.853587
0.0177389 1.29344 -0.22518 -0.293501 -0.855833
0.0169944 1.21848 -0.226411 -0.280935 -0.858091
0.0162387 1.13617 -0.227654 -0.269157 -0.860361
0.0154723 1.04742 -0.228909 -0.258235 -0.862644
0.0146958 0.953197 -0.230173 -0.248228 -0.864939
0.0139095 0.854501 -0.231447 -0.239187 -0.867247
0.013114 0.752352 -0.232729 -0.231151 -0.869568
0.0123098 0.64778 -0.234018 -0.224149 -0.871902
0.0114973 0.541819 -0.235315 -0.218201 -0.874249
0.0106771 0.435482 -0.236616 -0.213315 -0.876608
0.00984965 0.329757 -0.237922 -0.209491 -0.878981
0.00901543 0.225594 -0.239232 -0.206716 -0.881367
0.00817495 0.123892 -0.240544 -0.204972 -0.883765
0.00732871 0.0254908 -0.241858 -0.204229 -0.886177
0.00647722 -0.068837 -0.243173 -0.20445 -0.888603
0.00562099 -0.158396 -0.244489 -0.205591 -0.891041
0.00476052 -0.242574 -0.245803 -0.207601 -0.893492
0.00389633 -0.320848 -0.247117 -0.210424 -0.895957
0.00302895 -0.392783 -0.248429 -0.213998 -0.898435
0.0021589 -0.458043 -0.249739 -0.218258 -0.900926
0.00128751 -0.542738 -0.251216 -0.223226 -0.90343
0.000416779 -0.667731 -0.252842 -0.229235 -0.905951
-0.000451548 -0.833135 -0.254606 -0.236701 -0.908488
-0.00131596 -1.03228 -0.256494 -0.245996 -0.911043
-0.00217511 -1.25682 -0.258498 -0.257418 -0.913618
-0.00302783 -1.49849 -0.260609 -0.271179 -0.916214
-0.00387307 -1.74971 -0.262818 -0.287411 -0.918831
-0.00470989 -2.00373 -0.26512 -0.306175 -0.92147
-0.00553744 -2.25459 -0.267509 -0.327469 -0.924133
-0.00635496 -2.4971 -0.269978 -0.351234 -0.926821
-0.00716175 -2.72674 -0.272524 -0.377363 -0.929533
-0.00795717 -2.93962 -0.275142 -0.405709 -0.932272
-0.00874064 -3.13245 -0.277828 -0.436086 -0.935036
-0.0095116 -3.30246 -0.280578 -0.468279 -0.937828
-0.0102696 -3.44739 -0.283389 -0.502049 -0.940648
-0.0110141 -3.56544 -0.286257 -0.537136 -0.943496
-0.0117446 -3.65525 -0.28918 -0.573263 -0.946374
-0.0124609 -3.71587 -0.292153 -0.610142 -0.94928
-0.0131624 -3.74677 -0.295176 -0.64748 -0.952217
-0.0138489 -3.74774 -0.298244 -0.684977 -0.955184
-0.01452 -3.71896 -0.301355 -0.722335 -0.958182
-0.0151753 -3.6609 -0.304507 -0.759258 -0.961211
-0.0158147 -3.57437 -0.307696 -0.795457 -0.964272
-0.0164377 -3.46042 -0.31092 -0.830653 -0.967365
-0.0170442 -3.32039 -0.314177 -0.864578 -0.970491
-0.0176338 -3.15584 -0.317465 -0.896979 -0.973649
-0.0182064 -2.96855 -0.32078 -0.927619 -0.97684
-0.0187618 -2.76048 -0.324121 -0.956281 -0.980065
-0.0192997 -2.53376 -0.327484 -0.982767 -0.983323
-0.01982 -2.29064 -0.330869 -1.0069 -0.986614
-0.0203224 -2.03352 -0.334272 -1.02853 -0.98994
-0.020807 -1.76485 -0.337691 -1.04753 -0.9933
-0.0212734 -1.48717 -0.341124 -1.0638 -0.996694
-0.0217216 -1.20304 -0.344569 -1.07725 -1.00012
-0.0221515 -0.915043 -0.348024 -1.08785 -1.00359
-0.0225629 -0.625758 -0.351485 -1.09555 -1.00708
-0.0229558 -0.337721 -0.354952 -1.10037 -1.01061
-0.0233302 -0.0534134 -0.358421 -1.10232 -1.01418
-0.0236859 0.224757 -0.361892 -1.10146 -1.01778
-0.0240231 0.498038 -0.365338 -1.09784 -1.02142
-0.0243421 0.774909 -0.368711 -1.09148 -1.02509
-0.0246437 1.06668 -0.371968 -1.0823 -1.02879
-0.0249291 1.38265 -0.375077 -1.07008 -1.03253
-0.0251994 1.72889 -0.378011 -1.05456 -1.03629
-0.0254561 2.10821 -0.380749 -1.03541 -1.04009
-0.0257006 2.52059 -0.383273 -1.0123 -1.04391
-0.0259343 2.96372 -0.385572 -0.984911 -1.04775
-0.0261585 3.43342 -0.387636 -0.952955 -1.05162
-0.0263748 3.9241 -0.389458 -0.916192 -1.0555
-0.0265843 4.42792 -0.391042 -0.874448 -1.05941
-0.0267882 4.93414 -0.3924 -0.827643 -1.06332
-0.0269871 5.43097 -0.393544 -0.775812 -1.06725
-0.0271819 5.9073 -0.394482 -0.719105 -1.07119
-0.0273731 6.3533 -0.395222 -0.657778 -1.07514
-0.027561 6.76054 -0.395772 -0.592177 -1.0791
-0.0277461 7.12191 -0.396137 -0.522728 -1.08306
-0.0279284 7.43158 -0.396321 -0.449918 -1.08702
-0.0281083 7.6849 -0.396331 -0.374289 -1.09098
-0.0282858 7.87831 -0.396168 -0.296424 -1.09495
-0.0284609 8.00927 -0.395838 -0.216935 -1.09891
-0.0286337 8.07621 -0.395344 -0.136455 -1.10286
-0.0288042 8.07841 -0.394687 -0.0556289 -1.10681
-0.0289723 8.01601 -0.393872 0.0248958 -1.11075
-0.029138 7.8899 -0.3929 0.104477 -1.11469
-0.0293012 7.70053 -0.391781 0.182481 -1.11861
-0.0294616 7.44704 -0.39053 0.258273 -1.12252
-0.0296188 7.12832 -0.389163 0.331205 -1.12642
-0.0297725 6.74391 -0.387693 0.400623 -1.13031
-0.0299221 6.29435 -0.386134 0.46587 -1.13418
-0.0300669 5.78123 -0.384497 0.526302 -1.13803
-0.0302062 5.2072 -0.382796 0.581297 -1.14187
-0.0303394 4.5758 -0.381041 0.630262 -1.14569
-0.0304656 3.89145 -0.379243 0.672644 -1.14949
-0.030584 3.15934 -0.377412 0.70794 -1.15327
-0.0306939 2.38527 -0.375559 0.7357 -1.15704
-0.0307942 1.57563 -0.373691 0.755536 -1.16078
-0.0308843 0.737269 -0.371818 0.767126 -1.16451
-0.0309633 -0.122611 -0.369947 0.77022 -1.16822
-0.0310302 -0.996523 -0.368087 0.764638 -1.17191
-0.0310843 -1.87681 -0.366244 0.750278 -1.17558
-0.0311248 -2.75572 -0.364424 0.727116 -1.17923
-0.0311508 -3.62554 -0.362635 0.695205 -1.18287
-0.0311615 -4.47863 -0.36088 0.654672 -1.18649
-0.0311563 -5.30755 -0.359167 0.605723 -1.19009
-0.0311343 -6.10514 -0.357499 0.548636 -1.19367
-0.0310949 -6.86461 -0.355882 0.483758 -1.19724
-0.0310374 -7.57957 -0.354321 0.411502 -1.20079
-0.0309611 -8.24366 -0.352815 0.332346 -1.20432
-0.0308656 -8.84918 -0.351358 0.246834 -1.20784
-0.0307505 -9.38799 -0.349942 0.155593 -1.21135
-0.0306155 -9.85269 -0.348562 0.0593289 -1.21484
-0.0304603 -10.2371 -0.347213 -0.0411864 -1.21832
-0.0302849 -10.5365 -0.34589 -0.145125 -1.22179
-0.0300893 -10.7473 -0.34459 -0.251617 -1.22524
-0.0298735 -10.8672 -0.343309 -0.359764 -1.22868
-0.0296375 -10.8952 -0.342044 -0.468651 -1.23211
-0.0293815 -10.8314 -0.340793 -0.57736 -1.23552
-0.0291056 -10.6769 -0.339553 -0.684975 -1.23892
-0.02881 -10.4337 -0.338322 -0.7906 -1.24231
-0.028495 -10.1048 -0.337098 -0.893362 -1.24569
-0.0281608 -9.69419 -0.33588 -0.992423 -1.24905
-0.0278077 -9.20633 -0.334666 -1.08699 -1.25241
-0.0274359 -8.64653 -0.333454 -1.17631 -1.25575
-0.0270458 -8.02072 -0.332243 -1.2597 -1.25908
-0.0266377 -7.33531 -0.331032 -1.33652 -1.26239
-0.0262119 -6.59721 -0.32982 -1.40623 -1.2657
-0.0257689 -5.81369 -0.328606 -1.46832 -1.26899
-0.025309 -4.99232 -0.327389 -1.52237 -1.27227
-0.0248325 -4.14091 -0.326167 -1.56806 -1.27554
-0.0243399 -3.2674 -0.324941 -1.60512 -1.27879
-0.0238317 -2.3798 -0.323709 -1.63336 -1.28203
-0.0233081 -1.48612 -0.322471 -1.65269 -1.28527
-0.0227696 -0.594264 -0.321225 -1.66309 -1.28848
-0.0222168 0.287983 -0.319973 -1.66461 -1.29169
-0.0216499 1.15307 -0.318712 -1.65739 -1.29488
-0.0210696 1.99374 -0.317443 -1.64163 -1.29806
-0.0204762 2.80305 -0.316165 -1.61762 -1.30123
-0.0198702 3.5745 -0.314877 -1.5857 -1.30439
-0.019252 4.30199 -0.31358 -1.54628 -1.30753
-0.0186222 4.97994 -0.312273 -1.49982 -1.31066
-0.0179813 5.60333 -0.310955 -1.44686 -1.31378
-0.0173297 6.16766 -0.309628 -1.38795 -1.31688
-0.0166679 6.66907 -0.30829 -1.32371 -1.31997
-0.0159964 7.10431 -0.306941 -1.25479 -1.32304
-0.0153158 7.47077 -0.305581 -1.18186 -1.32611
-0.0146264 7.76648 -0.304211 -1.10561 -1.32916
-0.0139289 7.99016 -0.30283 -1.02677 -1.33219
-0.0132238 8.14116 -0.301438 -0.946052 -1.33521
-0.0125115 8.21948 -0.300036 -0.864188 -1.33822
-0.0117925 8.22577 -0.298623 -0.781902 -1.34121
-0.0110674 8.16129 -0.2972 -0.699909 -1.34419
-0.0103367 8.0279 -0.295768 -0.618907 -1.34716
-0.00960096 7.82805 -0.294325 -0.539573 -1.35011
-0.00886058 7.56469 -0.292872 -0.462557 -1.35304
-0.00811614 7.2413 -0.291411 -0.388479 -1.35596
-0.00736814 6.86182 -0.289941 -0.317918 -1.35887
-0.00661709 6.43061 -0.288462 -0.251415 -1.36176
-0.00586352 5.95239 -0.286975 -0.189463 -1.36464
-0.00510792 5.43221 -0.285481 -0.132507 -1.3675
-0.00435081 4.87539 -0.28398 -0.0809411 -1.37035
-0.00359269 4.2875 -0.282472 -0.0351031 -1.37318
-0.00283406 3.67425 -0.280958 0.00472438 -1.376
-0.00207543 3.04147 -0.279439 0.0383168 -1.3788
-0.00131729 2.39505 -0.277915 0.0655082 -1.38159
-0.000560135 1.74091 -0.276387 0.086192 -1.38436
0.000195546 1.0849 -0.274855 0.10032 -1.38712
0.000949267 0.432792 -0.273321 0.107903 -1.38986
0.00170055 -0.20978 -0.271784 0.109008 -1.39258
0.00244891 -0.837384 -0.270247 0.103757 -1.39529
0.00319389 -1.44481 -0.268708 0.0923274 -1.39799
0.00393501 -2.02714 -0.267171 0.0749447 -1.40067
0.00467182 -2.57975 -0.265634 0.0518837 -1.40333
0.00540387 -3.09838 -0.264099 0.0234631 -1.40598
0.00613069 -3.57912 -0.262567 -0.00995746 -1.40861
0.00685185 -4.01851 -0.261039 -0.0479814 -1.41123
0.00756693 -4.41349 -0.259515 -0.0901796 -1.41383
0.00827547 -4.76145 -0.257997 -0.136094 -1.41642
0.00897708 -5.06024 -0.256486 -0.185245 -1.41899
0.00967132 -5.3082 -0.254982 -0.23713 -1.42155
0.0103578 -5.50413 -0.253486 -0.291235 -1.42409
0.0110361 -5.64732 -0.252 -0.347036 -1.42662
0.0117059 -5.73753 -0.250524 -0.404005 -1.42913
0.0123667 -5.77501 -0.249059 -0.461611 -1.43163
0.0130182 -5.76044 -0.247607 -0.519331 -1.43411
0.01366 -5.69496 -0.246168 -0.57665 -1.43658
0.0142918 -5.58014 -0.244744 -0.633066 -1.43904
0.0149131 -5.41795 -0.243335 -0.688095 -1.44148
0.0155238 -5.21075 -0.241943 -0.741275 -1.4439
0.0161234 -4.96122 -0.240568 -0.792168 -1.44632
0.0167116 -4.67241 -0.239212 -0.840368 -1.44872
0.0172881 -4.34762 -0.237876 -0.885497 -1.4511
0.0178526 -3.99042 -0.236561 -0.927212 -1.45347
0.0184049 -3.60461 -0.235268 -0.96521 -1.45583
0.0189445 -3.19414 -0.233997 -0.999222 -1.45818
0.0194713 -2.76312 -0.232751 -1.02902 -1.46051
0.019985 -2.31578 -0.23153 -1.05443 -1.46283
0.0204854 -1.8564 -0.230335 -1.0753 -1.46514
0.0209721 -1.38927 -0.229167 -1.09153 -1.46744
0.021445 -0.9187 -0.228027 -1.10307 -1.46973
0.0219038 -0.448925 -0.226917 -1.10991 -1.472
0.0223483 0.0158944 -0.225838 -1.11207 -1.47427
0.0227784 0.471846 -0.224789 -1.10962 -1.47652
0.0231937 0.91617 -0.223765 -1.10267 -1.47876
0.0235941 1.34702 -0.222761 -1.09134 -1.48099
0.0239792 1.7628 -0.221773 -1.07578 -1.48322
0.0243486 2.16191 -0.220797 -1.05614 -1.48543
0.024702 2.5428 -0.219827 -1.03261 -1.48763
0.025039 2.90394 -0.21886 -1.00536 -1.48983
0.0253593 3.2439 -0.217892 -0.974601 -1.49201
0.0256623 3.56141 -0.216917 -0.940557 -1.49418
0.0259476 3.85534 -0.215932 -0.903456 -1.49635
0.0262149 4.1248 -0.214931 -0.863537 -1.4985
0.0264636 4.36912 -0.21391 -0.821049 -1.50065
0.0266932 4.58786 -0.212863 -0.776245 -1.50278
0.0269033 4.78083 -0.211785 -0.729383 -1.5049
0.0270935 4.94806 -0.21067 -0.68072 -1.50702
0.027263 5.08983 -0.209513 -0.630513 -1.50912
0.0274116 5.20662 -0.208307 -0.579014 -1.51121
0.0275385 5.29914 -0.207047 -0.526469 -1.51328
0.0276433 5.36826 -0.205726 -0.473117 -1.51535
0.0277255 5.41504 -0.204337 -0.419186 -1.5174
0.0277844 5.44069 -0.202876 -0.364895 -1.51943
0.0278196 5.44652 -0.201335 -0.310447 -1.52145
0.0278304 5.434 -0.199708 -0.256035 -1.52346
0.0278164 5.40463 -0.197988 -0.201833 -1.52545
0.0277769 5.36002 -0.19617 -0.148002 -1.52742
0.0277114 5.30177 -0.194247 -0.0946879 -1.52937
0.0276194 5.23154 -0.192213 -0.0420173 -1.5313
0.0275003 5.15095 -0.190062 0.00989778 -1.53321
0.0273537 5.06162 -0.18779 0.0609618 -1.5351
0.0271789 4.96397 -0.185397 0.111091 -1.53697
0.0269757 4.85606 -0.182893 0.160196 -1.53881
0.0267439 4.73473 -0.18029 0.208158 -1.54063
0.0264835 4.59705 -0.177594 0.254828 -1.54242
0.0261943 4.44075 -0.174813 0.30003 -1.54418
0.0258767 4.26436 -0.171953 0.343571 -1.54591
0.0255307 4.06712 -0.169021 0.385243 -1.54762
0.0251567 3.84892 -0.166021 0.424839 -1.54929
0.0247551 3.61022 -0.16296 0.46215 -1.55094
0.0243261 3.35199 -0.15984 0.496976 -1.55255
0.0238703 3.07562 -0.156667 0.529127 -1.55413
0.0233881 2.78286 -0.153445 0.558432 -1.55569
0.02288 2.47575 -0.150176 0.584735 -1.5572
0.0223466 2.15656 -0.146865 0.607905 -1.55869
0.0217884 1.82778 -0.143514 0.627833 -1.56014
0.0212062 1.49203 -0.140127 0.644436 -1.56156
0.0206003 1.15201 -0.136707 0.657659 -1.56294
0.0199716 0.810522 -0.133256 0.667471 -1.56429
0.0193207 0.470348 -0.129776 0.673873 -1.56561
0.0186482 0.134275 -0.126271 0.676892 -1.56689
0.0179549 -0.194959 -0.122742 0.676581 -1.56813
0.0172414 -0.514695 -0.119193 0.673024 -1.56934
0.0165085 -0.822378 -0.115624 0.666327 -1.57052
0.0157568 -1.11559 -0.112039 0.656624 -1.57166
0.0149872 -1.39205 -0.108439 0.644071 -1.57276
0.0142004 -1.64966 -0.104825 0.628846 -1.57382
0.0133972 -1.88654 -0.101201 0.611147 -1.57485
0.0125782 -2.10096 -0.0975664 0.59119 -1.57585
0.0117443 -2.29147 -0.0939242 0.569207 -1.57681
0.0108963 -2.4568 -0.0902755 0.545445 -1.57773
0.010035 -2.59596 -0.0866218 0.520159 -1.57861
0.00916105 -2.70819 -0.0829645 0.493615 -1.57946
0.00827536 -2.79295 -0.0793049 0.466086 -1.58027
0.00737869 -2.84999 -0.0756441 0.437849 -1.58105
0.00647185 -2.87928 -0.0719835 0.409179 -1.58178
0.00555564 -2.88105 -0.068324 0.380355 -1.58248
0.00463085 -2.85574 -0.0646666 0.351649 -1.58315
0.0036983 -2.80405 -0.0610123 0.323328 -1.58378
0.00275878 -2.72687 -0.0573619 0.295653 -1.58437
0.0018131 -2.62531 -0.0537163 0.268872 -1.58493
0.000862066 -2.50068 -0.0500762 0.243223 -1.58544
-9.35321e-05 -2.35445 -0.0464422 0.21893 -1.58593
-0.00105289 -2.18826 -0.042815 0.196201 -1.58637
-0.00201522 -2.00391 -0.039195 0.175226 -1.58678
-0.00297972 -1.8033 -0.0355828 0.156177 -1.58716
-0.00394561 -1.58846 -0.0319788 0.139207 -1.58749
-0.00491211 -1.36148 -0.0283832 0.124448 -1.5878
-0.00587843 -1.12455 -0.0247965 0.112011 -1.58806
-0.0068438 -0.879884 -0.0212189 0.101983 -1.58829
-0.00780746 -0.62973 -0.0176504 0.0944314 -1.58849
-0.00876864 -0.376344 -0.0140914 0.0893993 -1.58865
-0.0097266 -0.121966 -0.0105417 0.0869078 -1.58877
-0.0106806 0.131197 -0.00700143 0.0869559 -1.58886
-0.0116298 0.380989 -0.00347056 0.0895205 -1.58891
-0.0125737 0.625323 5.10023e-05 0.0945575 -1.58893
-0.0135113 0.8622 0.00356341 0.102002 -1.58891
-0.0144421 1.08972 0.00706684 0.11177 -1.58885
-0.0153653 1.30611 0.0105615 0.123759 -1.58877
-0.0162803 1.50972 0.0140477 0.13785 -1.58864
-0.0171862 1.69904 0.0175258 0.153906 -1.58849
-0.0180826 1.87273 0.0209961 0.171779 -1.58829
-0.0189687 2.02958 0.024459 0.191305 -1.58807
-0.0198439 2.16858 0.027915 0.212311 -1.5878
-0.0207074 2.2889 0.0313645 0.234614 -1.58751
-0.0215588 2.38985 0.0348081 0.258024 -1.58718
-0.0223974 2.47097 0.0382462 0.282345 -1.58681
-0.0232227 2.53195 0.0416796 0.307376 -1.58641
-0.0240339 2.57267 0.0451087 0.332916 -1.58598
-0.0248306 2.59321 0.0485343 0.358762 -1.58551
-0.0256121 2.5938 0.0519571 0.384714 -1.58501
-0.026378 2.57485 0.0553776 0.410573 -1.58447
-0.0271278 2.53693 0.0587967 0.436147 -1.5839
-0.0278608 2.48077 0.062215 0.461251 -1.58329
-0.0285767 2.40726 0.0656334 0.485705 -1.58266
-0.0292749 2.3174 0.0690527 0.509341 -1.58198
-0.0299549 2.21232 0.0724736 0.532002 -1.58127
-0.0306164 2.09329 0.075897 0.553541 -1.58053
-0.0312588 1.96164 0.0793237 0.573826 -1.57976
-0.0318818 1.81881 0.0827545 0.592737 -1.57895
-0.0324849 1.6663 0.0861904 0.61017 -1.5781
-0.0330678 1.50567 0.0896323 0.626036 -1.57722
-0.0336301 1.33853 0.0930809 0.640261 -1.57631
-0.0341714 1.16651 0.0965373 0.65279 -1.57536
-0.0346914 0.991243 0.100002 0.663581 -1.57438
-0.0351898 0.814374 0.103477 0.672609 -1.57336
-0.0356662 0.637523 0.106962 0.679868 -1.57231
-0.0361205 0.462283 0.110458 0.685365 -1.57122
-0.0365523 0.290199 0.113966 0.689124 -1.5701
-0.0369613 0.122762 0.117488 0.691185 -1.56894
-0.0373473 -0.0386091 0.121024 0.6916 -1.56775
-0.0377102 -0.192573 0.124574 0.690437 -1.56652
-0.0380496 -0.337881 0.128141 0.687777 -1.56526
-0.0383655 -0.473382 0.131724 0.683712 -1.56396
-0.0386577 -0.598038 0.135325 0.678346 -1.56262
-0.0389243 -0.764233 0.138604 0.671609 -1.56125
-0.0391623 -1.01354 0.141593 0.66281 -1.55985
-0.0393692 -1.34543 0.144322 0.651095 -1.55842
-0.0395428 -1.74575 0.146813 0.635704 -1.55697
-0.0396816 -2.19699 0.149089 0.616037 -1.55549
-0.0397842 -2.68201 0.151166 0.591674 -1.55399
-0.0398496 -3.18513 0.153061 0.562356 -1.55247
-0.039877 -3.6924 0.154786 0.527974 -1.55093
-0.0398657 -4.19162 0.156354 0.488548 -1.54937
-0.0398155 -4.67218 0.157774 0.444215 -1.5478
-0.0397259 -5.1249 0.159056 0.395207 -1.54622
-0.0395968 -5.54195 0.160208 0.341843 -1.54462
-0.0394282 -5.91674 0.161237 0.284515 -1.54301
-0.0392203 -6.24376 0.16215 0.223673 -1.54139
-0.038973 -6.51859 0.162954 0.159818 -1.53977
-0.0386866 -6.73776 0.163654 0.0934905 -1.53814
-0.0383614 -6.89873 0.164255 0.0252601 -1.5365
-0.0379978 -6.9998 0.164761 -0.0442818 -1.53485
-0.0375961 -7.0401 0.165179 -0.114531 -1.5332
-0.0371568 -7.01948 0.165511 -0.184879 -1.53155
-0.0366803 -6.93854 0.165761 -0.254718 -1.52989
-0.0361672 -6.7985 0.165935 -0.323451 -1.52823
-0.0356181 -6.60122 0.166034 -0.390496 -1.52657
-0.0350335 -6.34912 0.166063 -0.455292 -1.52491
-0.034414 -6.04513 0.166026 -0.517305 -1.52325
-0.0337603 -5.69265 0.165924 -0.576032 -1.52159
-0.0330731 -5.29549 0.165761 -0.631008 -1.51993
-0.0323531 -4.85785 0.165541 -0.681807 -1.51828
-0.031601 -4.38423 0.165265 -0.728045 -1.51662
-0.0308175 -3.87938 0.164937 -0.769387 -1.51497
-0.0300035 -3.34829 0.164559 -0.805545 -1.51332
-0.0291596 -2.79609 0.164134 -0.836282 -1.51168
-0.0282867 -2.22803 0.163663 -0.861414 -1.51004
-0.0273857 -1.64939 0.16315 -0.880807 -1.50841
-0.0264574 -1.06549 0.162597 -0.894384 -1.50678
-0.0255025 -0.481585 0.162005 -0.902117 -1.50516
-0.0245221 0.0971481 0.161376 -0.904033 -1.50354
-0.0235169 0.665674 0.160713 -0.900208 -1.50193
-0.0224879 1.21914 0.160017 -0.89077 -1.50033
-0.0214359 1.75289 0.159291 -0.875891 -1.49873
-0.020362 2.26255 0.158535 -0.855792 -1.49714
-0.019267 2.74403 0.157751 -0.830734 -1.49556
-0.0181518 3.19356 0.156941 -0.801018 -1.49398
-0.0170175 3.6077 0.156107 -0.766981 -1.49242
-0.0158649 3.98342 0.155248 -0.728992 -1.49086
-0.014695 4.31804 0.154368 -0.68745 -1.48931
-0.0135088 4.60934 0.153467 -0.642776 -1.48778
-0.0123073 4.85547 0.152545 -0.595413 -1.48625
-0.0110915 5.05506 0.151605 -0.545822 -1.48472
-0.00986226 5.20713 0.150646 -0.494471 -1.48321
-0.00862065 5.31116 0.14967 -0.441839 -1.48171
-0.00736764 5.36705 0.148678 -0.388408 -1.48022
-0.00610422 5.37515 0.14767 -0.334658 -1.47874
-0.0048314 5.33619 0.146646 -0.281062 -1.47727
-0.00355015 5.25132 0.145608 -0.228087 -1.47581
-0.00226147 5.12206 0.144556 -0.176184 -1.47435
-0.000966362 4.9503 0.14349 -0.125788 -1.47291
0.000334197 4.73828 0.142411 -0.0773122 -1.47148
0.00163922 4.48852 0.141318 -0.0311479 -1.47007
0.00294771 4.20385 0.140212 0.0123417 -1.46866
0.0042587 3.88734 0.139093 0.0528228 -1.46726
0.0055712 3.54231 0.137961 0.0899934 -1.46588
0.00688426 3.17222 0.136816 0.123585 -1.4645
0.00819689 2.78074 0.135659 0.153366 -1.46314
0.00950814 2.37161 0.134488 0.179141 -1.46179
0.0108171 1.9487 0.133303 0.200753 -1.46045
0.0121227 1.5159 0.132105 0.218082 -1.45912
0.0134241 1.07711 0.130893 0.231051 -1.45781
0.0147204 0.636234 0.129666 0.239618 -1.45651
0.0160106 0.197107 0.128425 0.243781 -1.45521
0.0172939 -0.236523 0.127168 0.243578 -1.45394
0.0185692 -0.661023 0.125895 0.239081 -1.45267
0.0198358 -1.07291 0.124606 0.2304 -1.45142
0.0210928 -1.46888 0.123299 0.217676 -1.45018
0.0223393 -1.84581 0.121975 0.201086 -1.44895
0.0235744 -2.20085 0.120632 0.180833 -1.44774
0.0247973 -2.53133 0.119269 0.157151 -1.44654
0.0260072 -2.83491 0.117887 0.130296 -1.44535
0.0272032 -3.10949 0.116483 0.100549 -1.44418
0.0283846 -3.35327 0.115057 0.068209 -1.44303
0.0295506 -3.56477 0.113609 0.0335914 -1.44188
0.0307004 -3.74281 0.112136 -0.00297476 -1.44075
0.0318333 -3.88651 0.110639 -0.0411502 -1.43964
0.0329484 -3.99535 0.109115 -0.0805887 -1.43854
0.0340452 -4.06908 0.107564 -0.12094 -1.43746
0.0351229 -4.1078 0.105986 -0.161853 -1.43639
0.0361808 -4.11189 0.104378 -0.20298 -1.43534
0.0372183 -4.08204 0.102739 -0.243978 -1.4343
0.0382346 -4.01923 0.101069 -0.284511 -1.43328
0.0392292 -3.9247 0.0993667 -0.324257 -1.43228
0.0402014 -3.79995 0.09763 -0.362905 -1.4313
0.0411507 -3.64671 0.0958581 -0.400161 -1.43033
0.0420764 -3.46694 0.0940498 -0.43575 -1.42938
0.0429781 -3.26279 0.0922038 -0.469418 -1.42845
0.0438551 -3.03659 0.0903188 -0.500933 -1.42753
0.044707 -2.79082 0.0883937 -0.530085 -1.42664
0.0455333 -2.52806 0.0864271 -0.556692 -1.42577
0.0463334 -2.25104 0.0844178 -0.580599 -1.42491
0.0471069 -1.96251 0.0823645 -0.601675 -1.42408
0.0478534 -1.66531 0.0802659 -0.61982 -1.42327
0.0485725 -1.36228 0.0781207 -0.634961 -1.42247
0.0492637 -1.05627 0.0759276 -0.647055 -1.4217
0.0499267 -0.7501 0.0736855 -0.656086 -1.42095
0.0505612 -0.446532 0.0713929 -0.662066 -1.42023
0.0511667 -0.148259 0.0690487 -0.665035 -1.41953
0.051743 0.142124 0.0666517 -0.665058 -1.41885
0.0522898 0.422143 0.0642005 -0.662227 -1.41819
0.0528068 0.689459 0.061694 -0.656657 -1.41756
0.0532938 0.94189 0.0591309 -0.648487 -1.41696
0.0537505 1.17743 0.0565101 -0.637876 -1.41638
0.0541768 1.39425 0.0538304 -0.625001 -1.41583
0.0545723 1.59073 0.0510906 -0.610059 -1.41531
0.0549371 1.76545 0.0482896 -0.593259 -1.41481
0.0552708 1.91723 0.0454263 -0.574826 -1.41434
0.0555735 2.04508 0.0424996 -0.554994 -1.4139
0.055845 2.14827 0.0395085 -0.534007 -1.41349
0.0560852 2.2263 0.0364519 -0.512113 -1.41311
0.056294 2.27887 0.0333288 -0.489566 -1.41276
0.0564715 2.30594 0.0301382 -0.466621 -1.41244
0.0566175 2.30769 0.0268792 -0.443532 -1.41216
0.0567322 2.28451 0.0235509 -0.42055 -1.41191
0.0568154 2.23703 0.0201524 -0.397922 -1.41169
0.0568673 2.16604 0.0166829 -0.375888 -1.4115
0.056888 2.07256 0.0131415 -0.354677 -1.41136
0.0568774 1.95776 0.00952752 -0.334508 -1.41124
0.0568357 1.82301 0.00584017 -0.315588 -1.41117
0.056763 1.66981 0.00207879 -0.298109 -1.41113
0.0566595 1.49979 -0.00175729 -0.282248 -1.41112
0.0565252 1.31472 -0.00566867 -0.268164 -1.41116
0.0563605 1.11643 -0.00965593 -0.255998 -1.41124
0.0561654 0.906892 -0.0137196 -0.245872 -1.41135
0.0559402 0.688089 -0.0178601 -0.237891 -1.41151
0.0556851 0.462076 -0.022078 -0.232135 -1.41171
0.0554004 0.230926 -0.0263735 -0.228666 -1.41195
0.0550863 -0.00327718 -0.0307471 -0.227526 -1.41224
0.0547432 -0.238463 -0.0351991 -0.228735 -1.41257
0.0543712 -0.472589 -0.0397296 -0.232292 -1.41294
0.0539707 -0.703658 -0.044339 -0.238177 -1.41336
0.0535421 -0.929739 -0.0490273 -0.246349 -1.41383
0.0530857 -1.14898 -0.0537946 -0.256749 -1.41434
0.0526019 -1.35961 -0.0586411 -0.269299 -1.41491
0.052091 -1.55998 -0.0635666 -0.283906 -1.41552
0.0515534 -1.74856 -0.0685713 -0.30046 -1.41618
0.0509895 -1.92395 -0.0736549 -0.318834 -1.41689
0.0503998 -2.08488 -0.0788173 -0.33889 -1.41765
0.0497847 -2.23024 -0.0840583 -0.360479 -1.41847
0.0491446 -2.35908 -0.0893777 -0.38344 -1.41933
0.04848 -2.4706 -0.0947752 -0.407603 -1.42025
0.0477914 -2.56417 -0.10025 -0.432792 -1.42123
0.0470792 -2.63934 -0.105803 -0.458825 -1.42226
0.0463439 -2.69581 -0.111432 -0.485517 -1.42335
0.0455862 -2.73345 -0.117137 -0.512679 -1.42449
0.0448063 -2.75232 -0.122919 -0.540123 -1.42569
0.044005 -2.75262 -0.128775 -0.567663 -1.42695
0.0431827 -2.73471 -0.134706 -0.595115 -1.42826
0.0423399 -2.69912 -0.140711 -0.622298 -1.42964
0.0414773 -2.6465 -0.146788 -0.64904 -1.43108
0.0405954 -2.57764 -0.152938 -0.675174 -1.43258
0.0396948 -2.49348 -0.159158 -0.700542 -1.43414
0.0387761 -2.39505 -0.16545 -0.724996 -1.43576
0.0378397 -2.2835 -0.17181 -0.748399 -1.43745
0.0368865 -2.16006 -0.178239 -0.770626 -1.4392
0.0359168 -2.02605 -0.184735 -0.791565 -1.44101
0.0349314 -1.88285 -0.191297 -0.811117 -1.44289
0.0339309 -1.73189 -0.197924 -0.829196 -1.44484
0.0329159 -1.57467 -0.204615 -0.845734 -1.44685
0.031887 -1.41267 -0.211368 -0.860674 -1.44893
0.0308448 -1.24742 -0.218182 -0.873976 -1.45108
0.0297901 -1.08042 -0.225056 -0.885616 -1.45329
0.0287233 -0.913182 -0.231988 -0.895584 -1.45558
0.0276452 -0.747172 -0.238977 -0.903884 -1.45793
0.0265564 -0.583824 -0.246021 -0.910536 -1.46036
0.0254575 -0.424519 -0.253119 -0.915574 -1.46285
0.0243492 -0.270574 -0.26027 -0.919044 -1.46542
0.0232322 -0.123234 -0.267471 -0.921008 -1.46806
0.022107 0.0163391 -0.27472 -0.921535 -1.47077
0.0209744 0.147074 -0.282017 -0.92071 -1.47355
0.019835 0.268001 -0.28936 -0.918626 -1.47641
0.0186895 0.378254 -0.296746 -0.915386 -1.47934
0.0175384 0.47708 -0.304173 -0.911099 -1.48235
0.0163825 0.563839 -0.311641 -0.905885 -1.48543
0.0152223 0.638016 -0.319147 -0.899865 -1.48858
0.0140586 0.699212 -0.326689 -0.893168 -1.49181
0.012892 0.747154 -0.334265 -0.885925 -1.49511
0.0117232 0.781692 -0.341873 -0.878269 -1.49849
0.0105526 0.802799 -0.349511 -0.870336 -1.50195
0.00938113 0.810564 -0.357177 -0.862258 -1.50548
0.00820925 0.805199 -0.364869 -0.854168 -1.50909
0.00703762 0.787023 -0.372585 -0.846196 -1.51278
0.00586689 0.756469 -0.380323 -0.838469 -1.51655
0.00469765 0.714066 -0.38808 -0.831107 -1.52039
0.00352993 0.680169 -0.395728 -0.824158 -1.52431
0.00236235 0.70002 -0.403093 -0.817331 -1.5283
0.00119288 0.802144 -0.410169 -0.809909 -1.53237
1.98153e-05 0.986222 -0.416981 -0.801046 -1.5365
-0.00115811 1.23951 -0.423548 -0.789983 -1.54071
-0.00234179 1.5463 -0.429888 -0.776103 -1.54497
-0.00353185 1.89123 -0.436015 -0.758951 -1.5493
-0.00472866 2.2603 -0.44194 -0.738217 -1.55369
-0.00593236 2.64113 -0.447673 -0.713722 -1.55814
-0.00714295 3.0229 -0.453223 -0.685404 -1.56265
-0.00836027 3.39621 -0.458596 -0.653302 -1.56721
-0.00958404 3.75298 -0.463799 -0.617544 -1.57182
-0.0108139 4.08627 -0.468835 -0.578328 -1.57648
-0.0120494 4.39024 -0.47371 -0.535922 -1.58119
-0.01329 4.65998 -0.478427 -0.490643 -1.58595
-0.0145352 4.8915 -0.482989 -0.442854 -1.59076
-0.0157843 5.08164 -0.487398 -0.392954 -1.59561
-0.0170366 5.22798 -0.491656 -0.34137 -1.60051
-0.0182915 5.32885 -0.495766 -0.288549 -1.60545
-0.0195482 5.38321 -0.499729 -0.23495 -1.61042
-0.0208061 5.39067 -0.503546 -0.181043 -1.61544
-0.0220643 5.35142 -0.507218 -0.127294 -1.62049
-0.0233221 5.26618 -0.510747 -0.0741686 -1.62558
-0.0245787 5.13618 -0.514132 -0.0221206 -1.63071
-0.0258333 4.96312 -0.517375 0.0284107 -1.63587
-0.0270852 4.7491 -0.520477 0.0770047 -1.64106
-0.0283335 4.49663 -0.523438 0.123264 -1.64627
-0.0295775 4.20855 -0.526257 0.166818 -1.65152
-0.0308163 3.88801 -0.528936 0.207326 -1.6568
-0.0320492 3.5384 -0.531475 0.244481 -1.6621
-0.0332753 3.16338 -0.533874 0.27801 -1.66743
-0.034494 2.76674 -0.536133 0.307676 -1.67278
-0.0357043 2.35243 -0.538253 0.333285 -1.67815
-0.0369056 1.9245 -0.540232 0.354679 -1.68354
-0.0380971 1.48707 -0.542072 0.371743 -1.68895
-0.039278 1.04424 -0.543772 0.384403 -1.69438
-0.0404475 0.600138 -0.545333 0.392624 -1.69983
-0.0416049 0.158796 -0.546753 0.396415 -1.70529
-0.0427495 -0.275829 -0.548034 0.395822 -1.71076
-0.0438805 -0.699912 -0.549175 0.390933 -1.71625
-0.0449972 -1.10979 -0.550175 0.381871 -1.72175
-0.046099 -1.50198 -0.551035 0.368796 -1.72725
-0.0471851 -1.87324 -0.551755 0.351901 -1.73277
-0.0482548 -2.22054 -0.552334 0.331411 -1.73829
-0.0493075 -2.54113 -0.552772 0.30758 -1.74381
-0.0503425 -2.83256 -0.553068 0.280686 -1.74934
-0.0513592 -3.09266 -0.553224 0.251033 -1.75487
-0.0523569 -3.31958 -0.553237 0.218944 -1.76041
-0.053335 -3.51179 -0.553109 0.184757 -1.76594
-0.054293 -3.66812 -0.552839 0.148827 -1.77147
-0.0552302 -3.78771 -0.552426 0.111517 -1.777
-0.056146 -3.87004 -0.551871 0.0731976 -1.78252
-0.0570399 -3.91495 -0.551172 0.0342414 -1.78803
-0.0579113 -3.9226 -0.550331 -0.00497723 -1.79354
-0.0587598 -3.89345 -0.549345 -0.0440878 -1.79904
-0.0595848 -3.82832 -0.548216 -0.0827263 -1.80453
-0.0603857 -3.72831 -0.546943 -0.120538 -1.81
-0.0611622 -3.59479 -0.545526 -0.157181 -1.81546
-0.0619138 -3.42944 -0.543964 -0.192328 -1.82091
-0.06264 -3.23415 -0.542257 -0.22567 -1.82634
-0.0633404 -3.01105 -0.540406 -0.256918 -1.83176
-0.0640145 -2.7625 -0.538408 -0.285806 -1.83715
-0.064662 -2.49101 -0.536266 -0.312091 -1.84252
-0.0652826 -2.19925 -0.533977 -0.335558 -1.84788
-0.0658757 -1.89004 -0.531543 -0.356018 -1.8532
-0.0664412 -1.56628 -0.528962 -0.373311 -1.85851
-0.0669786 -1.23096 -0.526236 -0.387305 -1.86378
-0.0674878 -0.887096 -0.523363 -0.397901 -1.86903
-0.0679683 -0.537751 -0.520343 -0.405029 -1.87425
-0.0684199 -0.185961 -0.517177 -0.408648 -1.87944
-0.0688424 0.165265 -0.513863 -0.40875 -1.88459
-0.0692355 0.512979 -0.510403 -0.405355 -1.88971
-0.0695991 0.854319 -0.506797 -0.398512 -1.8948
-0.0699329 1.18653 -0.503043 -0.388299 -1.89985
-0.0702367 1.50698 -0.499142 -0.37482 -1.90486
-0.0705104 1.81321 -0.495095 -0.358206 -1.90983
-0.0707539 2.10291 -0.490901 -0.338611 -1.91476
-0.070967 2.37396 -0.48656 -0.316211 -1.91965
-0.0711496 2.62445 -0.482073 -0.291201 -1.92449
-0.0713017 2.85268 -0.477439 -0.263796 -1.92929
-0.0714232 3.05717 -0.472659 -0.234226 -1.93404
-0.071514 3.23669 -0.467733 -0.202736 -1.93874
-0.0715741 3.39024 -0.462661 -0.169579 -1.94339
-0.0716035 3.51707 -0.457443 -0.13502 -1.948
-0.0716023 3.61667 -0.452081 -0.0993285 -1.95254
-0.0715703 3.68879 -0.446573 -0.0627782 -1.95704
-0.0715077 3.73342 -0.440922 -0.0256443 -1.96147
-0.0714146 3.75078 -0.435126 0.0117992 -1.96585
-0.071291 3.74133 -0.429186 0.0492818 -1.97018
-0.071137 3.70576 -0.423104 0.0865387 -1.97444
-0.0709527 3.64498 -0.416879 0.123313 -1.97864
-0.0707383 3.56009 -0.410513 0.159358 -1.98277
-0.0704939 3.45239 -0.404005 0.194439 -1.98685
-0.0702197 3.32334 -0.397356 0.228335 -1.99085
-0.0699158 3.17458 -0.390567 0.26084 -1.99479
-0.0695825 3.00787 -0.38364 0.291766 -1.99867
-0.0692199 2.8251 -0.376574 0.320944 -2.00247
-0.0688284 2.62828 -0.36937 0.348221 -2.0062
-0.0684081 2.41948 -0.36203 0.373469 -2.00985
-0.0679593 2.20085 -0.354555 0.396578 -2.01344
-0.0674822 1.97458 -0.346944 0.417461 -2.01694
-0.0669773 1.74289 -0.3392 0.436052 -2.02037
-0.0664447 1.50798 -0.331323 0.452308 -2.02373
-0.0658849 1.27208 -0.323315 0.466208 -2.027
-0.0652964 0.984021 -0.315517 0.477572 -2.03019
-0.0646768 0.603563 -0.307899 0.485606 -2.03331
-0.0640239 0.132585 -0.300434 0.489373 -2.03635
-0.0633361 -0.413327 -0.293101 0.488039 -2.03932
-0.0626123 -1.01525 -0.28588 0.480947 -2.04222
-0.0618516 -1.65456 -0.278756 0.467632 -2.04504
-0.0610535 -2.31413 -0.271716 0.447808 -2.04779
-0.0602176 -2.97856 -0.264749 0.421349 -2.05047
-0.0593437 -3.63423 -0.257845 0.388279 -2.05309
-0.0584319 -4.26911 -0.250996 0.348745 -2.05563
-0.0574823 -4.87271 -0.244196 0.30301 -2.05811
-0.0564952 -5.43589 -0.237439 0.251433 -2.06052
-0.0554711 -5.95082 -0.230719 0.19446 -2.06286
-0.0544103 -6.41087 -0.224032 0.132605 -2.06513
-0.0533135 -6.81055 -0.217375 0.066448 -2.06734
-0.0521813 -7.14542 -0.210744 -0.00338574 -2.06948
-0.0510144 -7.41207 -0.204137 -0.0762298 -2.07155
-0.0498135 -7.60805 -0.197551 -0.151389 -2.07356
-0.0485793 -7.73181 -0.190985 -0.228148 -2.0755
-0.0473128 -7.7827 -0.184436 -0.30578 -2.07738
-0.0460147 -7.76087 -0.177903 -0.383558 -2.07919
-0.044686 -7.66726 -0.171384 -0.460757 -2.08094
-0.0433276 -7.50352 -0.164879 -0.536668 -2.08262
-0.0419404 -7.27202 -0.158387 -0.610601 -2.08424
-0.0405253 -6.97574 -0.151907 -0.681892 -2.08579
-0.0390834 -6.61824 -0.145437 -0.749911 -2.08727
-0.0376157 -6.20361 -0.138979 -0.814066 -2.0887
-0.0361232 -5.73642 -0.132531 -0.873807 -2.09005
-0.0346069 -5.22165 -0.126094 -0.928635 -2.09135
-0.0330679 -4.66464 -0.119667 -0.978099 -2.09258
-0.0315072 -4.07103 -0.11325 -1.02181 -2.09374
-0.029926 -3.44669 -0.106843 -1.05942 -2.09484
-0.0283252 -2.79768 -0.100446 -1.09066 -2.09588
-0.0267061 -2.13018 -0.0940605 -1.11531 -2.09685
-0.0250712 -1.39711 -0.0873447 -1.13304 -2.09776
-0.0234247 -0.562335 -0.0803319 -1.14294 -2.0986
-0.0217702 0.36812 -0.0730501 -1.144 -2.09936
-0.0201106 1.37455 -0.0655231 -1.13535 -2.10006
-0.0184487 2.43398 -0.0577716 -1.11636 -2.10067
-0.0167868 3.52382 -0.0498132 -1.08659 -2.10121
-0.0151272 4.62309 -0.0416636 -1.04587 -2.10167
-0.0134715 5.71275 -0.0333361 -0.994181 -2.10204
-0.0118217 6.77566 -0.0248427 -0.931716 -2.10233
-0.0101792 7.79654 -0.0161943 -0.858819 -2.10254
-0.00854545 8.76186 -0.00740024 -0.77598 -2.10266
-0.00692174 9.65973 0.00153063 -0.683815 -2.10269
-0.0053093 10.4799 0.0105903 -0.583051 -2.10263
-0.00370923 11.2134 0.0197715 -0.474512 -2.10247
-0.00212261 11.8531 0.0290672 -0.3591 -2.10223
-0.000550402 12.3928 0.0384711 -0.237787 -2.10189
0.00100644 12.8281 0.0479768 -0.111595 -2.10146
0.00254705 13.1556 0.0575787 0.0184135 -2.10093
0.00407057 13.3732 0.067271 0.151149 -2.10031
0.00557621 13.4801 0.0770483 0.285507 -2.09959
0.00706321 13.4766 0.0869052 0.420381 -2.09877
0.00853083 13.364 0.0968368 0.554673 -2.09785
0.00997838 13.1449 0.106838 0.687305 -2.09683
0.0114052 12.8227 0.116903 0.817227 -2.09571
0.0128106 12.4017 0.127029 0.943429 -2.09449
0.014194 11.8872 0.137209 1.06495 -2.09317
0.0155549 11.2852 0.147439 1.18088 -2.09175
0.0168926 10.6022 0.157714 1.29038 -2.09022
0.0182066 9.84577 0.168031 1.39268 -2.08859
0.0194963 9.02359 0.178383 1.48708 -2.08686
0.0207614 8.14402 0.188767 1.57296 -2.08503
0.0220013 7.21574 0.199178 1.6498 -2.08309
0.0232156 6.24771 0.209611 1.71714 -2.08104
0.0244039 5.24907 0.220063 1.77465 -2.07889
0.0255656 4.2291 0.230528 1.82205 -2.07664
0.0267006 3.19707 0.241002 1.85919 -2.07428
0.0278083 2.16222 0.251481 1.88599 -2.07182
0.0288885 1.13362 0.26196 1.90246 -2.06925
0.0299408 0.120144 0.272435 1.90871 -2.06658
0.030965 -0.86965 0.282902 1.90494 -2.0638
0.0319608 -1.82756 0.293357 1.89142 -2.06092
0.0329278 -2.74581 0.303795 1.86852 -2.05794
0.0338659 -3.61712 0.314213 1.83666 -2.05485
0.0347749 -4.43478 0.324605 1.79636 -2.05165
0.0356545 -5.19264 0.334969 1.74817 -2.04836
0.0365046 -5.88521 0.3453 1.69272 -2.04495
0.0373251 -6.50768 0.355593 1.6307 -2.04145
0.0381157 -7.05595 0.365846 1.56281 -2.03784
0.0388765 -7.52662 0.376054 1.48984 -2.03413
0.0396072 -7.91707 0.386214 1.41255 -2.03032
0.0403079 -8.22542 0.396321 1.33177 -2.02641
0.0409784 -8.45055 0.406372 1.24832 -2.0224
0.0416187 -8.59209 0.416364 1.16304 -2.01828
0.0422289 -8.65043 0.426292 1.07675 -2.01407
0.0428089 -8.62665 0.436153 0.990301 -2.00976
0.0433587 -8.52257 0.445943 0.904489 -2.00535
0.0438784 -8.34066 0.45566 0.820109 -2.00084
0.044368 -8.08403 0.4653 0.737925 -1.99623
0.0448277 -7.75641 0.474859 0.658665 -1.99153
0.045258 -7.37988 0.48422 0.582959 -1.98674
0.0456607 -6.99379 0.493261 0.511107 -1.98185
0.0460383 -6.63475 0.501903 0.443012 -1.97687
0.0463934 -6.31588 0.510171 0.378308 -1.97181
0.0467281 -6.03229 0.518084 0.316607 -1.96667
0.0470441 -5.77422 0.525661 0.257604 -1.96145
0.0473429 -5.53167 0.532916 0.201094 -1.95616
0.0476258 -5.29593 0.539859 0.146967 -1.95079
0.0478937 -5.05991 0.546501 0.0951919 -1.94536
0.0481474 -4.81814 0.552851 0.045801 -1.93987
0.0483877 -4.56656 0.558916 -0.00112706 -1.93431
0.048615 -4.30237 0.564701 -0.045479 -1.92869
0.0488299 -4.02386 0.570211 -0.0871191 -1.92301
0.0490328 -3.73023 0.575452 -0.125899 -1.91729
0.0492239 -3.42146 0.580426 -0.161668 -1.91151
0.0494036 -3.09819 0.585138 -0.194276 -1.90568
0.049572 -2.7616 0.589589 -0.223584 -1.8998
0.0497294 -2.41334 0.593784 -0.249466 -1.89389
0.0498759 -2.05542 0.597724 -0.271816 -1.88793
0.0500116 -1.69014 0.601411 -0.290548 -1.88193
0.0501367 -1.32005 0.604847 -0.305601 -1.8759
0.0502513 -0.947833 0.608035 -0.316941 -1.86984
0.0503553 -0.576299 0.610975 -0.324559 -1.86374
0.0504489 -0.20831 0.61367 -0.328478 -1.85762
0.0505322 0.153259 0.616122 -0.328746 -1.85147
0.0506051 0.505565 0.618331 -0.325443 -1.8453
0.0506678 0.845834 0.6203 -0.318674 -1.8391
0.0507203 1.17139 0.62203 -0.308575 -1.83289
0.0507626 1.47971 0.623522 -0.295303 -1.82666
0.0507947 1.76841 0.624779 -0.279045 -1.82042
0.0508167 2.03531 0.625801 -0.260008 -1.81417
0.0508286 2.27843 0.62659 -0.238418 -1.80791
0.0508305 2.496 0.627149 -0.214524 -1.80164
0.0508223 2.68653 0.627477 -0.188588 -1.79536
0.0508041 2.84875 0.627578 -0.160888 -1.78909
0.050776 2.98166 0.627452 -0.131711 -1.78281
0.0507379 3.08453 0.627101 -0.101355 -1.77654
0.0506899 3.1569 0.626528 -0.0701221 -1.77027
0.050632 3.19857 0.625732 -0.0383192 -1.76401
0.0505643 3.20964 0.624718 -0.00625271 -1.75776
0.0504867 3.19044 0.623485 0.0257727 -1.75152
0.0503994 3.14157 0.622036 0.0574572 -1.74529
0.0503023 3.06389 0.620373 0.0885081 -1.73908
0.0501955 2.95847 0.618497 0.118642 -1.73288
0.050079 2.82663 0.616411 0.147589 -1.72671
0.0499529 2.66987 0.614116 0.175092 -1.72056
0.0498172 2.48992 0.611613 0.200909 -1.71443
0.049672 2.28863 0.608906 0.224819 -1.70832
0.0495172 2.06805 0.605996 0.246618 -1.70225
0.049353 1.83034 0.602885 0.266123 -1.6962
0.0491794 1.57777 0.599575 0.283175 -1.69019
0.0489964 1.31271 0.596068 0.297637 -1.68421
0.0488041 1.03758 0.592366 0.309396 -1.67827
0.0486025 0.75487 0.588471 0.318363 -1.67237
0.0483918 0.467066 0.584385 0.324476 -1.6665
0.0481719 0.176667 0.58011 0.327696 -1.66068
0.0479429 -0.113854 0.575649 0.328009 -1.6549
0.0477048 -0.402066 0.571004 0.325426 -1.64917
0.0474578 -0.685603 0.566176 0.319983 -1.64348
0.0472019 -0.962183 0.561168 0.311738 -1.63785
0.0469372 -1.22962 0.555983 0.30077 -1.63226
0.0466636 -1.48587 0.550622 0.287182 -1.62673
0.0463814 -1.72899 0.545088 0.271096 -1.62125
0.0460905 -1.95721 0.539383 0.252652 -1.61582
0.0457911 -2.16892 0.533509 0.232007 -1.61046
0.0454832 -2.36267 0.527469 0.209334 -1.60515
0.0451668 -2.53722 0.521264 0.184818 -1.59991
0.0448422 -2.69149 0.514899 0.158657 -1.59473
0.0445093 -2.82461 0.508373 0.131059 -1.58961
0.0441682 -2.93592 0.501691 0.102238 -1.58456
0.043819 -3.02495 0.494854 0.0724147 -1.57958
0.0434618 -3.09142 0.487865 0.041814 -1.57467
0.0430967 -3.13529 0.480726 0.0106616 -1.56982
0.0427238 -3.15669 0.47344 -0.0208169 -1.56505
0.0423431 -3.15594 0.466009 -0.0523983 -1.56036
0.0419548 -3.13356 0.458436 -0.0838635 -1.55573
0.0415589 -3.09024 0.450723 -0.115 -1.55119
0.0411556 -3.02684 0.442872 -0.145601 -1.54672
0.0407449 -2.94439 0.434887 -0.175473 -1.54233
0.040327 -2.84406 0.426768 -0.204429 -1.53802
0.0399019 -2.72715 0.41852 -0.232299 -1.5338
0.0394698 -2.59507 0.410145 -0.258922 -1.52965
0.0390307 -2.44936 0.401645 -0.284155 -1.52559
0.0385847 -2.29162 0.393022 -0.307869 -1.52162
0.0381321 -2.12356 0.384279 -0.329953 -1.51773
0.0376728 -1.9469 0.37542 -0.350311 -1.51393
0.0372069 -1.76345 0.366445 -0.368868 -1.51022
0.0367347 -1.57501 0.357359 -0.385564 -1.50661
0.0362562 -1.38341 0.348163 -0.400358 -1.50308
0.0357716 -1.19045 0.338859 -0.413227 -1.49964
0.0352808 -0.997923 0.329452 -0.424168 -1.4963
0.0347842 -0.807576 0.319943 -0.433193 -1.49305
0.0342817 -0.621105 0.310334 -0.440333 -1.4899
0.0337735 -0.440136 0.300629 -0.445634 -1.48685
0.0332598 -0.266217 0.29083 -0.449159 -1.48389
0.0327406 -0.1008 0.28094 -0.450986 -1.48103
0.0322161 0.054765 0.27096 -0.451208 -1.47827
0.0316864 0.199242 0.260895 -0.449928 -1.47561
0.0311517 0.331517 0.250746 -0.447264 -1.47305
0.030612 0.450609 0.240515 -0.443342 -1.4706
0.0300675 0.555668 0.230207 -0.438298 -1.46824
0.0295183 0.645991 0.219823 -0.432278 -1.46599
0.0289646 0.721015 0.209365 -0.42543 -1.46385
0.0284065 0.780327 0.198837 -0.41791 -1.46181
0.0278441 0.823661 0.188241 -0.409876 -1.45987
0.0272776 0.850897 0.17758 -0.40149 -1.45804
0.0267071 0.862062 0.166856 -0.392912 -1.45632
0.0261328 0.857327 0.156071 -0.384302 -1.45471
0.0255547 0.836999 0.14523 -0.375818 -1.4532
0.0249731 0.80152 0.134333 -0.367613 -1.4518
0.024388 0.751458 0.123383 -0.359836 -1.45051
0.0237997 0.687501 0.112384 -0.35263 -1.44933
0.0232081 0.610448 0.101338 -0.346129 -1.44826
0.0226136 0.521201 0.0902469 -0.340461 -1.44731
0.0220163 0.420754 0.0791137 -0.335743 -1.44646
0.0214162 0.310181 0.067941 -0.33208 -1.44572
0.0208135 0.190629 0.0567312 -0.329569 -1.4451
0.0202084 0.0633036 0.0454869 -0.328294 -1.44459
0.0196011 -0.0705414 0.0342107 -0.328325 -1.44419
0.0189916 -0.209617 0.0229051 -0.329722 -1.44391
0.0183801 -0.35261 0.0115725 -0.33253 -1.44373
0.0177668 -0.498197 0.0002156 -0.336783 -1.44367
0.0171518 -0.645051 -0.0111632 -0.342498 -1.44373
0.0165353 -0.791862 -0.0225615 -0.349684 -1.4439
0.0159174 -0.937338 -0.0339767 -0.358331 -1.44418
0.0152982 -1.08022 -0.0454063 -0.368422 -1.44458
0.014678 -1.21931 -0.056848 -0.379923 -1.44509
0.0140568 -1.35343 -0.0682992 -0.392791 -1.44571
0.0134348 -1.48151 -0.0797576 -0.406971 -1.44645
0.0128122 -1.60251 -0.0912207 -0.422398 -1.44731
0.0121891 -1.71549 -0.102686 -0.438995 -1.44828
0.0115657 -1.81961 -0.114151 -0.456678 -1.44936
0.010942 -1.91408 -0.125614 -0.475355 -1.45056
0.0103183 -1.99826 -0.137072 -0.494925 -1.45188
0.00969476 -2.07157 -0.148523 -0.515284 -1.4533
0.00907143 -2.13355 -0.159964 -0.536319 -1.45485
0.0084485 -2.18385 -0.171394 -0.557916 -1.4565
0.00782612 -2.22223 -0.182809 -0.579956 -1.45827
0.00720444 -2.24853 -0.194208 -0.60232 -1.46016
0.0065836 -2.26274 -0.205588 -0.624887 -1.46216
0.00596375 -2.26493 -0.216947 -0.647535 -1.46427
0.00534504 -2.25527 -0.228283 -0.670146 -1.4665
0.00472761 -2.23405 -0.239593 -0.692602 -1.46884
0.0041116 -2.20162 -0.250876 -0.714789 -1.47129
0.00349717 -2.15845 -0.262129 -0.736598 -1.47385
0.00288444 -2.10509 -0.273349 -0.757924 -1.47653
0.00227358 -2.04216 -0.284536 -0.778668 -1.47932
0.00166471 -1.97036 -0.295686 -0.798738 -1.48222
0.00105798 -1.89043 -0.306798 -0.818048 -1.48523
0.000453529 -1.80321 -0.317869 -0.836522 -1.48836
-0.000148504 -1.70954 -0.328898 -0.854091 -1.49159
-0.00074798 -1.61033 -0.339882 -0.870694 -1.49494
-0.00134476 -1.50651 -0.350819 -0.886282 -1.49839
-0.00193872 -1.39903 -0.361708 -0.900812 -1.50195
-0.00252971 -1.28886 -0.372546 -0.914254 -1.50562
-0.00311761 -1.17696 -0.383331 -0.926584 -1.5094
-0.00370227 -1.06431 -0.394061 -0.93779 -1.51329
-0.00428358 -0.951858 -0.404735 -0.947871 -1.51728
-0.00486139 -0.840532 -0.41535 -0.956831 -1.52138
-0.00543558 -0.731238 -0.425905 -0.964688 -1.52559
-0.00600603 -0.624845 -0.436398 -0.971466 -1.5299
-0.00657261 -0.522176 -0.446827 -0.977197 -1.53432
-0.00713519 -0.424008 -0.457189 -0.981924 -1.53884
-0.00769365 -0.33106 -0.467484 -0.985695 -1.54346
-0.00824787 -0.243992 -0.47771 -0.988565 -1.54819
-0.00879773 -0.163398 -0.487864 -0.990596 -1.55302
-0.00934312 -0.0898042 -0.497946 -0.991856 -1.55794
-0.0098839 -0.023663 -0.507953 -0.992417 -1.56297
-0.01042 0.0346476 -0.517883 -0.992356 -1.5681
-0.0109512 0.0848271 -0.527736 -0.991752 -1.57333
-0.0114776 0.126653 -0.537509 -0.990687 -1.57866
-0.0119988 0.15998 -0.5472 -0.989247 -1.58408
-0.012515 0.184744 -0.556809 -0.987516 -1.5896
-0.0130258 0.200957 -0.566334 -0.985581 -1.59522
-0.0135313 0.208705 -0.575773 -0.983525 -1.60093
-0.0140314 0.208151 -0.585125 -0.981434 -1.60673
-0.0145259 0.199528 -0.594388 -0.979389 -1.61263
-0.0150147 0.183134 -0.60356 -0.97747 -1.61862
-0.0154977 0.159334 -0.612641 -0.975751 -1.6247
-0.0159749 0.128551 -0.621629 -0.974306 -1.63087
-0.0164462 0.0912606 -0.630523 -0.973202 -1.63713
-0.0169114 0.0479902 -0.639321 -0.972501 -1.64348
