-16.9 60 31.975
-16.8 60 31.95
-16.7 60 31.925
-16.6 60 31.9
-16.5 60 31.875
-16.4 60 31.85
-16.3 60 31.825
-16.2 60 31.8
-16.1 60 31.775
-16 60 31.75
-15.9 60 31.725
-15.8 60 31.7
-15.7 60 31.675
-15.6 60 31.65
-15.5 60 31.625
-15.4 60 31.6
-15.3 60 31.575
-15.2 60 31.55
-15.1 59.9999 31.525
-15 59.9999 31.5
-14.9 59.9999 31.475
-14.8 59.9998 31.45
-14.7 59.9998 31.425
-14.6 59.9997 31.4
-14.5 59.9997 31.375
-14.4 59.9996 31.35
-14.3 59.9995 31.325
-14.2 59.9994 31.3
-14.1 59.9992 31.275
-14 59.9991 31.25
-13.9 59.9989 31.225
-13.8 59.9987 31.2
-13.7 59.9985 31.175
-13.6 59.9983 31.15
-13.5 59.998 31.125
-13.4 59.9977 31.1
-13.3 59.9974 31.075
-13.2 59.997 31.05
-13.1 59.9966 31.025
-13 59.9962 31
-12.9 59.9957 30.975
-12.8 59.9952 30.95
-12.7 59.9947 30.925
-12.6 59.9941 30.9
-12.5 59.9934 30.875
-12.4 59.9927 30.85
-12.3 59.992 30.825
-12.2 59.9912 30.8
-12.1 59.9904 30.775
-12 59.9895 30.75
-11.9 59.9885 30.725
-11.8 59.9875 30.7
-11.7 59.9864 30.675
-11.6001 59.9852 30.65
-11.5001 59.984 30.625
-11.4001 59.9827 30.6
-11.3001 59.9813 30.575
-11.2001 59.9799 30.55
-11.1001 59.9784 30.525
-11.0001 59.9768 30.5
-10.9001 59.9751 30.475
-10.8002 59.9733 30.45
-10.7002 59.9715 30.425
-10.6002 59.9695 30.4
-10.5002 59.9675 30.375
-10.4003 59.9653 30.35
-10.3003 59.9631 30.325
-10.2003 59.9608 30.3
-10.1004 59.9583 30.275
-10.0004 59.9558 30.25
-9.90045 59.9532 30.225
-9.8005 59.9504 30.2
-9.70055 59.9475 30.175
-9.60061 59.9445 30.15
-9.50067 59.9414 30.125
-9.40073 59.9382 30.1
-9.3008 59.9348 30.075
-9.20088 59.9314 30.05
-9.10096 59.9277 30.025
-9.00105 59.924 30
-8.90114 59.9201 29.975
-8.80124 59.9161 29.95
-8.70135 59.9119 29.925
-8.60147 59.9076 29.9
-8.50159 59.9032 29.875
-8.40172 59.8986 29.85
-8.30186 59.8939 29.825
-8.20201 59.889 29.8
-8.10217 59.8839 29.775
-8.00235 59.8787 29.75
-7.90253 59.8733 29.725
-7.80272 59.8678 29.7
-7.70292 59.8621 29.675
-7.60314 59.8562 29.65
-7.50337 59.8501 29.625
-7.40361 59.8439 29.6
-7.30387 59.8375 29.575
-7.20414 59.8309 29.55
-7.10443 59.8241 29.525
-7.00473 59.8172 29.5
-6.90505 59.81 29.475
-6.80539 59.8027 29.45
-6.70575 59.7951 29.425
-6.60612 59.7874 29.4
-6.50652 59.7794 29.375
-6.40693 59.7713 29.35
-6.30737 59.7629 29.325
-6.20783 59.7543 29.3
-6.10831 59.7456 29.275
-6.00882 59.7366 29.25
-5.90935 59.7274 29.225
-5.80991 59.7179 29.2
-5.7105 59.7083 29.175
-5.61111 59.6984 29.15
-5.51175 59.6883 29.125
-5.41242 59.6779 29.1
-5.31313 59.6674 29.075
-5.21386 59.6565 29.05
-5.11463 59.6455 29.025
-5.01543 59.6342 29
-4.91626 59.6227 28.975
-4.81714 59.6109 28.95
-4.71805 59.5989 28.925
-4.61899 59.5866 28.9
-4.51998 59.574 28.875
-4.42101 59.5613 28.85
-4.32208 59.5482 28.825
-4.22319 59.5349 28.8
-4.12435 59.5214 28.775
-4.02555 59.5075 28.75
-3.9268 59.4934 28.725
-3.8281 59.4791 28.7001
-3.72945 59.4645 28.6751
-3.63085 59.4496 28.6501
-3.5323 59.4344 28.6251
-3.4338 59.419 28.6001
-3.33535 59.4033 28.5751
-3.23697 59.3873 28.5501
-3.13863 59.3711 28.5251
-3.04036 59.3545 28.5001
-2.94215 59.3377 28.4751
-2.84399 59.3206 28.4501
-2.7459 59.3033 28.4251
-2.64787 59.2856 28.4001
-2.54991 59.2677 28.3751
-2.45201 59.2495 28.3501
-2.35418 59.231 28.3251
-2.25642 59.2122 28.3001
-2.15872 59.1931 28.2751
-2.0611 59.1738 28.2501
-1.96355 59.1541 28.2251
-1.86607 59.1342 28.2001
-1.76866 59.114 28.1751
-1.67134 59.0935 28.1501
-1.57408 59.0727 28.1251
-1.47691 59.0516 28.1001
-1.37982 59.0303 28.0751
-1.2828 59.0086 28.0501
-1.18587 58.9867 28.0251
-1.08901 58.9645 28.0001
-0.992245 58.9419 27.9751
-0.895561 58.9192 27.9501
-0.798961 58.8961 27.9251
-0.702448 58.8727 27.9001
-0.606022 58.8491 27.8751
-0.509683 58.8251 27.8501
-0.413434 58.8009 27.8251
-0.317274 58.7765 27.8001
-0.221204 58.7517 27.7751
-0.125226 58.7266 27.7501
-0.0293393 58.7013 27.7251
0.0664543 58.6757 27.7001
0.162155 58.6498 27.6751
0.257761 58.6237 27.6501
0.353272 58.5973 27.6251
0.448689 58.5706 27.6001
0.544009 58.5436 27.5751
0.639233 58.5164 27.5501
0.734361 58.4889 27.5251
0.82939 58.4611 27.5001
0.924322 58.4331 27.4751
1.01916 58.4048 27.4501
1.11389 58.3763 27.4251
1.20853 58.3475 27.4001
1.30306 58.3184 27.3751
1.3975 58.2891 27.3501
1.49184 58.2596 27.3251
1.58607 58.2298 27.3001
1.68021 58.1997 27.2751
1.77425 58.1694 27.2501
1.86818 58.1388 27.2251
1.96201 58.108 27.2001
2.05574 58.077 27.1751
2.14937 58.0457 27.1501
2.2429 58.0142 27.1251
2.33633 57.9824 27.1001
2.42965 57.9504 27.0751
2.52287 57.9182 27.0501
2.61599 57.8857 27.0251
2.70901 57.853 27.0001
2.80192 57.8201 26.9751
2.89473 57.787 26.9501
2.98744 57.7536 26.9251
3.08005 57.72 26.9001
3.17255 57.6862 26.8751
3.26495 57.6522 26.8501
3.35724 57.6179 26.8251
3.44944 57.5835 26.8001
3.54152 57.5488 26.7751
3.63351 57.5139 26.7501
3.72539 57.4787 26.7251
3.81717 57.4434 26.7001
3.90884 57.4079 26.6751
4.00042 57.3721 26.6501
4.09188 57.3362 26.6251
4.18324 57.3 26.6001
4.2745 57.2637 26.5751
4.36566 57.2271 26.5501
4.45671 57.1903 26.5251
4.54765 57.1534 26.5001
4.63849 57.1162 26.4751
4.72923 57.0788 26.4501
4.81986 57.0413 26.4251
4.91038 57.0035 26.4001
5.0008 56.9655 26.3751
5.09112 56.9274 26.3501
5.18133 56.889 26.3251
5.27143 56.8505 26.3001
5.36142 56.8117 26.2751
5.45131 56.7728 26.2501
5.5411 56.7337 26.2251
5.63077 56.6944 26.2001
5.72034 56.6549 26.1751
5.8098 56.6152 26.1501
5.89915 56.5753 26.1251
5.9884 56.5353 26.1001
6.07753 56.495 26.0751
6.16656 56.4546 26.0501
6.25548 56.4139 26.0251
6.34429 56.3731 26.0001
6.43299 56.3321 25.9751
6.52159 56.291 25.9501
6.61007 56.2496 25.9251
6.69844 56.2081 25.9001
6.7867 56.1664 25.8751
6.87485 56.1245 25.8501
6.96289 56.0824 25.8251
7.05083 56.0401 25.8001
7.13864 55.9977 25.7751
7.22635 55.9551 25.7501
7.31395 55.9123 25.7251
7.40143 55.8694 25.7001
7.48881 55.8262 25.6751
7.57607 55.7829 25.6501
7.66322 55.7394 25.6251
7.75025 55.6958 25.6001
7.83718 55.6519 25.5751
7.92399 55.6079 25.5501
8.01069 55.5638 25.5251
8.09728 55.5194 25.5001
8.18375 55.4749 25.4751
8.27011 55.4302 25.4501
8.35636 55.3854 25.4251
8.4425 55.3404 25.4001
8.52852 55.2952 25.3751
8.61443 55.2498 25.3501
8.70022 55.2043 25.3251
8.78591 55.1587 25.3001
8.87148 55.1128 25.2751
8.95693 55.0668 25.2501
9.04228 55.0207 25.2251
9.12751 54.9744 25.2001
9.21263 54.9279 25.1751
9.29763 54.8813 25.1501
9.38252 54.8345 25.1251
9.4673 54.7875 25.1001
9.55197 54.7404 25.0751
9.63653 54.6932 25.0501
9.72097 54.6458 25.0251
9.8053 54.5982 25.0001
9.88952 54.5505 24.9751
9.97362 54.5027 24.9501
10.0576 54.4547 24.9251
10.1415 54.4065 24.9001
10.2253 54.3582 24.8751
10.3089 54.3097 24.8501
10.3925 54.2611 24.8251
10.4759 54.2124 24.8001
10.5592 54.1635 24.7751
10.6425 54.1145 24.7501
10.7256 54.0653 24.7251
10.8086 54.016 24.7001
10.8914 53.9666 24.6751
10.9742 53.917 24.6501
11.0569 53.8673 24.6251
11.1395 53.8174 24.6001
11.2219 53.7674 24.5751
11.3043 53.7173 24.5501
11.3865 53.667 24.5251
11.4686 53.6166 24.5001
11.5506 53.5661 24.4751
11.6325 53.5154 24.4501
11.7144 53.4646 24.4251
11.7961 53.4137 24.4001
11.8776 53.3626 24.3751
11.9591 53.3115 24.3501
12.0405 53.2602 24.3251
12.1218 53.2087 24.3001
12.203 53.1572 24.2751
12.284 53.1055 24.2501
12.365 53.0537 24.2251
12.4459 53.0018 24.2001
12.5266 52.9497 24.1751
12.6073 52.8975 24.1501
12.6878 52.8452 24.1251
12.7682 52.7928 24.1001
12.8486 52.7403 24.0751
12.9288 52.6877 24.0501
13.009 52.6349 24.0251
13.089 52.582 24.0001
13.1689 52.529 23.9751
13.2487 52.4759 23.9501
13.3285 52.4227 23.9251
13.4081 52.3694 23.9001
13.4876 52.3159 23.8751
13.567 52.2623 23.8501
13.6464 52.2087 23.8251
13.7256 52.1549 23.8001
13.8047 52.101 23.7751
13.8837 52.047 23.7501
13.9626 51.9928 23.7251
14.0414 51.9386 23.7001
14.1201 51.8843 23.6751
14.1987 51.8298 23.6501
14.2772 51.7752 23.6251
14.3556 51.7206 23.6001
14.4339 51.6658 23.5751
14.5121 51.6109 23.5501
14.5902 51.5559 23.5251
14.6682 51.5008 23.5001
14.7461 51.4456 23.4751
14.8239 51.3902 23.4501
14.9016 51.3348 23.4251
14.9792 51.2793 23.4001
15.0567 51.2236 23.3751
15.134 51.1679 23.3501
15.2113 51.112 23.3251
15.2884 51.056 23.3001
15.3655 51 23.2751
15.4424 50.9438 23.2501
15.5193 50.8875 23.2251
15.596 50.8311 23.2001
15.6726 50.7746 23.1751
15.7492 50.7179 23.1501
15.8256 50.6612 23.1251
15.9019 50.6044 23.1001
15.978 50.5474 23.0751
16.0541 50.4904 23.0501
16.1301 50.4332 23.0251
16.2059 50.3759 23.0001
16.2817 50.3185 22.9751
16.3573 50.261 22.9501
16.4328 50.2034 22.9251
16.5082 50.1457 22.9001
16.5835 50.0879 22.8751
16.6586 50.0299 22.8501
16.7337 49.9719 22.8251
16.8086 49.9137 22.8001
16.8834 49.8554 22.7751
16.9581 49.797 22.7501
17.0326 49.7385 22.7251
17.1071 49.6799 22.7001
17.1814 49.6212 22.6751
17.2556 49.5623 22.6501
17.3297 49.5034 22.6251
17.4036 49.4443 22.6001
17.4774 49.3851 22.5751
17.5511 49.3258 22.5501
17.6247 49.2664 22.5251
17.6982 49.2069 22.5001
17.7715 49.1472 22.4751
17.8446 49.0874 22.4501
17.9177 49.0276 22.4251
17.9906 48.9676 22.4001
18.0634 48.9074 22.3751
18.136 48.8472 22.3501
18.2086 48.7869 22.3251
18.2809 48.7264 22.3001
18.3532 48.6658 22.2751
18.4253 48.6051 22.2501
18.4973 48.5443 22.2251
18.5691 48.4833 22.2001
18.6408 48.4223 22.1751
18.7123 48.3611 22.1502
18.7837 48.2998 22.1252
18.855 48.2384 22.1002
18.9261 48.1768 22.0752
18.997 48.1151 22.0502
19.0678 48.0533 22.0252
19.1385 47.9914 22.0002
19.209 47.9294 21.9752
19.2794 47.8672 21.9502
19.3496 47.805 21.9252
19.4197 47.7426 21.9002
19.4896 47.68 21.8752
19.5593 47.6174 21.8502
19.6289 47.5546 21.8252
19.6983 47.4917 21.8002
19.7676 47.4287 21.7752
19.8367 47.3655 21.7502
19.9057 47.3023 21.7252
19.9745 47.2389 21.7002
20.0431 47.1753 21.6752
20.1115 47.1117 21.6502
20.1798 47.0479 21.6252
20.2479 46.984 21.6002
20.3159 46.92 21.5752
20.3837 46.8558 21.5502
20.4513 46.7915 21.5252
20.5187 46.727 21.5002
20.5859 46.6625 21.4752
20.6529 46.5978 21.4502
20.7198 46.5329 21.4252
20.7865 46.468 21.4002
20.853 46.4029 21.3752
20.9193 46.3376 21.3502
20.9854 46.2722 21.3252
21.0513 46.2067 21.3002
21.117 46.141 21.2752
21.1825 46.0752 21.2502
21.2478 46.0093 21.2252
21.3128 45.9432 21.2002
21.3777 45.877 21.1752
21.4424 45.8106 21.1502
21.5068 45.7441 21.1252
21.5711 45.6774 21.1002
21.6351 45.6106 21.0752
21.6989 45.5437 21.0502
21.7624 45.4766 21.0252
21.8258 45.4093 21.0002
21.8889 45.3419 20.9752
21.9517 45.2744 20.9502
22.0144 45.2067 20.9252
22.0767 45.1388 20.9002
22.1389 45.0708 20.8752
22.2008 45.0027 20.8502
22.2624 44.9344 20.8252
22.3238 44.8659 20.8002
22.385 44.7973 20.7752
22.4458 44.7285 20.7502
22.5065 44.6596 20.7252
22.5668 44.5906 20.7002
22.6269 44.5213 20.6752
22.6868 44.4519 20.6502
22.7463 44.3824 20.6252
22.8056 44.3127 20.6002
22.8646 44.2429 20.5752
22.9234 44.1729 20.5502
22.9818 44.1027 20.5252
23.04 44.0324 20.5002
23.0979 43.962 20.4752
23.1555 43.8914 20.4502
23.2129 43.8207 20.4252
23.27 43.7498 20.4002
23.3268 43.6787 20.3752
23.3833 43.6075 20.3502
23.4395 43.5362 20.3252
23.4954 43.4647 20.3002
23.5511 43.3931 20.2752
23.6065 43.3214 20.2502
23.6616 43.2495 20.2252
23.7164 43.1774 20.2002
23.7709 43.1053 20.1752
23.8252 43.033 20.1502
23.8791 42.9606 20.1252
23.9328 42.888 20.1002
23.9862 42.8153 20.0752
24.0394 42.7425 20.0502
24.0922 42.6696 20.0252
24.1448 42.5965 20.0002
24.1971 42.5233 19.9752
24.2491 42.45 19.9502
24.3009 42.3766 19.9252
24.3524 42.303 19.9002
24.4036 42.2294 19.8752
24.4545 42.1556 19.8502
24.5052 42.0817 19.8252
24.5556 42.0077 19.8002
24.6057 41.9336 19.7752
24.6555 41.8594 19.7502
24.7051 41.785 19.7252
24.7545 41.7106 19.7002
24.8035 41.6361 19.6752
24.8523 41.5614 19.6502
24.9009 41.4867 19.6252
24.9491 41.4118 19.6002
24.9971 41.3369 19.5752
25.0449 41.2619 19.5502
25.0924 41.1867 19.5252
25.1396 41.1115 19.5002
25.1866 41.0362 19.4752
25.2333 40.9608 19.4502
25.2797 40.8853 19.4252
25.3259 40.8097 19.4002
25.3719 40.734 19.3752
25.4175 40.6583 19.3502
25.463 40.5824 19.3252
25.5081 40.5065 19.3002
25.5531 40.4304 19.2752
25.5977 40.3543 19.2502
25.6421 40.2782 19.2252
25.6863 40.2019 19.2002
25.7302 40.1255 19.1752
25.7738 40.0491 19.1502
25.8172 39.9726 19.1252
25.8604 39.896 19.1002
25.9033 39.8194 19.0752
25.946 39.7427 19.0502
25.9884 39.6659 19.0252
26.0305 39.589 19.0002
26.0725 39.5121 18.9752
26.1141 39.4351 18.9502
26.1556 39.358 18.9252
26.1967 39.2808 18.9002
26.2377 39.2036 18.8752
26.2784 39.1264 18.8502
26.3188 39.049 18.8252
26.359 38.9716 18.8002
26.399 38.8941 18.7752
26.4388 38.8166 18.7502
26.4783 38.739 18.7252
26.5175 38.6614 18.7002
26.5565 38.5837 18.6752
26.5953 38.5059 18.6502
26.6339 38.4281 18.6252
26.6722 38.3502 18.6002
26.7103 38.2723 18.5752
26.7482 38.1943 18.5502
26.7858 38.1163 18.5252
26.8232 38.0382 18.5002
26.8604 37.9601 18.4752
26.8973 37.8819 18.4502
26.934 37.8036 18.4252
26.9705 37.7254 18.4002
27.0068 37.647 18.3752
27.0428 37.5686 18.3502
27.0786 37.4902 18.3252
27.1142 37.4118 18.3002
27.1496 37.3333 18.2752
27.1847 37.2547 18.2502
27.2197 37.1761 18.2252
27.2544 37.0975 18.2002
27.2889 37.0188 18.1752
27.3232 36.9401 18.1502
27.3573 36.8613 18.1252
27.3911 36.7825 18.1002
27.4248 36.7037 18.0752
27.4582 36.6249 18.0502
27.4914 36.546 18.0252
27.5245 36.467 18.0002
27.5573 36.3881 17.9752
27.5899 36.3091 17.9502
27.6223 36.23 17.9252
27.6545 36.151 17.9002
27.6865 36.0719 17.8752
27.7183 35.9927 17.8502
27.7499 35.9136 17.8252
27.7813 35.8344 17.8002
27.8125 35.7552 17.7752
27.8435 35.676 17.7502
27.8743 35.5967 17.7252
27.9049 35.5174 17.7002
27.9353 35.4381 17.6752
27.9655 35.3587 17.6502
27.9955 35.2794 17.6252
28.0254 35.2 17.6002
28.055 35.1206 17.5752
28.0845 35.0411 17.5502
28.1138 34.9617 17.5252
28.1428 34.8822 17.5002
28.1717 34.8027 17.4752
28.2004 34.7231 17.4502
28.229 34.6436 17.4252
28.2573 34.564 17.4002
28.2855 34.4845 17.3752
28.3135 34.4049 17.3502
28.3413 34.3252 17.3252
28.3689 34.2456 17.3002
28.3963 34.1659 17.2752
28.4236 34.0863 17.2502
28.4507 34.0066 17.2252
28.4776 33.9269 17.2002
28.5043 33.8472 17.1752
28.5309 33.7674 17.1502
28.5573 33.6877 17.1252
28.5835 33.6079 17.1002
28.6095 33.5282 17.0752
28.6354 33.4484 17.0502
28.6611 33.3686 17.0252
28.6866 33.2888 17.0002
28.7119 33.209 16.9752
28.7371 33.1291 16.9502
28.7621 33.0493 16.9252
28.787 32.9694 16.9002
28.8117 32.8896 16.8752
28.8362 32.8097 16.8502
28.8605 32.7298 16.8252
28.8847 32.6499 16.8002
28.9087 32.57 16.7752
28.9326 32.4901 16.7502
28.9563 32.4102 16.7252
28.9799 32.3303 16.7002
29.0033 32.2504 16.6752
29.0265 32.1704 16.6502
29.0496 32.0905 16.6252
29.0725 32.0105 16.6002
29.0953 31.9306 16.5752
29.1179 31.8506 16.5502
29.1404 31.7707 16.5252
29.1627 31.6907 16.5002
29.1849 31.6107 16.4752
29.207 31.5308 16.4502
29.2289 31.4508 16.4252
29.2507 31.3708 16.4002
29.2724 31.2908 16.3752
29.2939 31.2108 16.3502
29.3153 31.1308 16.3252
29.3366 31.0509 16.3002
29.3577 30.9709 16.2752
29.3787 30.8909 16.2502
29.3996 30.8109 16.2252
29.4204 30.7309 16.2002
29.4411 30.6509 16.1752
29.4617 30.5709 16.1502
29.4822 30.4909 16.1252
29.5025 30.4109 16.1002
29.5228 30.3309 16.0752
29.543 30.2509 16.0502
29.563 30.1709 16.0252
29.583 30.0909 16.0002
29.6029 30.0109 15.9752
29.6227 29.9309 15.9502
29.6424 29.8509 15.9252
29.662 29.7709 15.9002
29.6816 29.6909 15.8752
29.7011 29.6109 15.8502
29.7205 29.5309 15.8252
29.7398 29.4509 15.8002
29.7591 29.3709 15.7752
29.7783 29.2909 15.7502
29.7975 29.2109 15.7252
29.8166 29.1309 15.7002
29.8356 29.0509 15.6752
29.8546 28.9709 15.6502
29.8735 28.8909 15.6252
29.8924 28.8109 15.6003
29.9113 28.7309 15.5753
29.9301 28.651 15.5503
29.9488 28.571 15.5253
29.9676 28.491 15.5003
29.9863 28.411 15.4753
30.005 28.331 15.4503
30.0236 28.251 15.4253
30.0422 28.171 15.4003
30.0608 28.091 15.3753
30.0794 28.011 15.3503
30.098 27.9311 15.3253
30.1166 27.8511 15.3003
30.1351 27.7711 15.2753
30.1537 27.6911 15.2503
30.1722 27.6111 15.2253
30.1908 27.5311 15.2003
30.2094 27.4511 15.1753
30.2279 27.3711 15.1503
30.2465 27.2912 15.1253
30.2651 27.2112 15.1003
30.2836 27.1312 15.0753
30.3023 27.0512 15.0503
30.3209 26.9712 15.0253
30.3395 26.8912 15.0003
30.3582 26.8112 14.9753
30.3769 26.7312 14.9503
30.3957 26.6513 14.9253
30.4144 26.5713 14.9003
30.4332 26.4913 14.8753
30.4521 26.4113 14.8503
30.471 26.3313 14.8253
30.4899 26.2513 14.8003
30.5089 26.1713 14.7753
30.5279 26.0913 14.7503
30.547 26.0113 14.7253
30.5661 25.9313 14.7003
30.5853 25.8513 14.6753
30.6045 25.7713 14.6503
30.6239 25.6913 14.6253
30.6432 25.6113 14.6003
30.6627 25.5313 14.5753
30.6822 25.4513 14.5503
30.7018 25.3713 14.5253
30.7215 25.2913 14.5003
30.7412 25.2113 14.4753
30.7611 25.1313 14.4503
30.781 25.0513 14.4253
30.801 24.9713 14.4003
30.8211 24.8913 14.3753
30.8413 24.8113 14.3503
30.8616 24.7313 14.3253
30.882 24.6513 14.3003
30.9025 24.5713 14.2753
30.9231 24.4913 14.2503
30.9438 24.4113 14.2253
30.9646 24.3313 14.2003
30.9855 24.2513 14.1753
31.0066 24.1714 14.1503
31.0278 24.0914 14.1253
31.049 24.0114 14.1003
31.0704 23.9314 14.0753
31.092 23.8514 14.0503
31.1136 23.7714 14.0253
31.1354 23.6914 14.0003
31.1573 23.6115 13.9753
31.1793 23.5315 13.9503
31.2015 23.4515 13.9253
31.2238 23.3715 13.9003
31.2462 23.2916 13.8753
31.2687 23.2116 13.8503
31.2914 23.1317 13.8253
31.3142 23.0517 13.8003
31.3372 22.9718 13.7753
31.3602 22.8918 13.7503
31.3834 22.8119 13.7253
31.4068 22.732 13.7003
31.4303 22.652 13.6753
31.4539 22.5721 13.6503
31.4776 22.4922 13.6253
31.5015 22.4123 13.6003
31.5255 22.3324 13.5753
31.5496 22.2525 13.5503
31.5739 22.1726 13.5253
31.5983 22.0927 13.5003
31.6228 22.0129 13.4753
31.6474 21.933 13.4503
31.6722 21.8531 13.4253
31.6972 21.7733 13.4003
31.7222 21.6935 13.3753
31.7474 21.6136 13.3503
31.7727 21.5338 13.3253
31.7981 21.454 13.3003
31.8237 21.3742 13.2753
31.8494 21.2944 13.2503
31.8752 21.2146 13.2253
31.9012 21.1348 13.2003
31.9273 21.055 13.1753
31.9535 20.9753 13.1503
31.9798 20.8955 13.1253
32.0062 20.8158 13.1003
32.0328 20.7361 13.0753
32.0595 20.6564 13.0503
32.0863 20.5766 13.0253
32.1133 20.4969 13.0003
32.1403 20.4173 12.9753
32.1675 20.3376 12.9503
32.1948 20.2579 12.9253
32.2222 20.1783 12.9003
32.2497 20.0986 12.8753
32.2774 20.019 12.8503
32.3051 19.9394 12.8253
32.333 19.8597 12.8003
32.361 19.7801 12.7753
32.3891 19.7006 12.7503
32.4173 19.621 12.7253
32.4456 19.5414 12.7003
32.4741 19.4619 12.6753
32.5026 19.3823 12.6503
32.5313 19.3028 12.6253
32.56 19.2233 12.6003
32.5889 19.1438 12.5753
32.6179 19.0643 12.5503
32.6469 18.9848 12.5253
32.6761 18.9053 12.5003
32.7054 18.8258 12.4753
32.7348 18.7464 12.4503
32.7642 18.667 12.4253
32.7938 18.5875 12.4003
32.8235 18.5081 12.3753
32.8532 18.4287 12.3503
32.8831 18.3493 12.3253
32.9131 18.27 12.3003
32.9431 18.1906 12.2753
32.9733 18.1112 12.2503
33.0035 18.0319 12.2253
33.0339 17.9526 12.2003
33.0643 17.8732 12.1753
33.0948 17.7939 12.1503
33.1254 17.7146 12.1253
33.156 17.6354 12.1003
33.1868 17.5561 12.0753
33.2177 17.4768 12.0503
33.2486 17.3976 12.0253
33.2796 17.3183 12.0003
33.3107 17.2391 11.9753
33.3418 17.1599 11.9503
33.3731 17.0807 11.9253
33.4044 17.0015 11.9003
33.4358 16.9223 11.8753
33.4672 16.8431 11.8503
33.4988 16.764 11.8253
33.5304 16.6848 11.8003
33.562 16.6057 11.7753
33.5937 16.5265 11.7503
33.6255 16.4474 11.7253
33.6574 16.3683 11.7003
33.6893 16.2892 11.6753
33.7213 16.2101 11.6503
33.7533 16.131 11.6253
33.7854 16.0519 11.6003
33.8175 15.9728 11.5753
33.8497 15.8938 11.5503
33.8819 15.8147 11.5253
33.9142 15.7357 11.5003
33.9465 15.6566 11.4753
33.9789 15.5776 11.4503
34.0113 15.4985 11.4253
34.0438 15.4195 11.4003
34.0762 15.3405 11.3753
34.1088 15.2615 11.3503
34.1413 15.1825 11.3253
34.1739 15.1035 11.3003
34.2065 15.0245 11.2753
34.2391 14.9455 11.2503
34.2718 14.8665 11.2253
34.3044 14.7875 11.2003
34.3371 14.7085 11.1753
34.3698 14.6295 11.1503
34.4025 14.5505 11.1253
34.4352 14.4715 11.1003
34.468 14.3926 11.0753
34.5007 14.3136 11.0503
34.5334 14.2346 11.0253
34.5661 14.1556 11.0003
34.5988 14.0766 10.9753
34.6315 13.9976 10.9503
34.6642 13.9186 10.9253
34.6969 13.8397 10.9003
34.7295 13.7607 10.8753
34.7621 13.6817 10.8503
34.7947 13.6027 10.8253
34.8273 13.5236 10.8003
34.8598 13.4446 10.7753
34.8923 13.3656 10.7503
34.9247 13.2866 10.7253
34.9571 13.2076 10.7003
34.9895 13.1285 10.6753
35.0218 13.0495 10.6503
35.054 12.9704 10.6253
35.0862 12.8913 10.6003
35.1183 12.8123 10.5753
35.1503 12.7332 10.5503
35.1823 12.6541 10.5253
35.2141 12.575 10.5003
35.2459 12.4958 10.4753
35.2776 12.4167 10.4503
35.3093 12.3375 10.4253
35.3408 12.2584 10.4003
35.3722 12.1792 10.3753
35.4035 12.1 10.3503
35.4347 12.0208 10.3253
35.4658 11.9416 10.3003
35.4967 11.8623 10.2753
35.5276 11.783 10.2503
35.5583 11.7038 10.2253
35.5889 11.6245 10.2003
35.6193 11.5451 10.1753
35.6496 11.4658 10.1503
35.6797 11.3865 10.1253
35.7097 11.3071 10.1003
35.7395 11.2277 10.0753
35.7691 11.1483 10.0503
35.7986 11.0688 10.0253
35.8279 10.9894 10.0003
35.857 10.9099 9.97534
35.8859 10.8304 9.95034
35.9146 10.7509 9.92534
35.9431 10.6713 9.90034
35.9714 10.5918 9.87534
35.9995 10.5122 9.85034
36.0274 10.4326 9.82534
36.0551 10.3529 9.80034
36.0825 10.2733 9.77534
36.1097 10.1936 9.75034
36.1366 10.1139 9.72534
36.1633 10.0342 9.70034
36.1897 9.95443 9.67534
36.2159 9.87467 9.65034
36.2418 9.79489 9.62534
36.2675 9.71509 9.60034
36.2928 9.63527 9.57534
36.3179 9.55543 9.55034
36.3427 9.47557 9.52534
36.3672 9.3957 9.50034
36.3914 9.31581 9.47534
36.4153 9.2359 9.45034
36.4388 9.15598 9.42534
36.4621 9.07605 9.40034
36.485 8.9961 9.37535
36.5075 8.91614 9.35035
36.5298 8.83617 9.32535
36.5517 8.75619 9.30035
36.5732 8.67621 9.27535
36.5944 8.59622 9.25035
36.6152 8.51622 9.22535
36.6357 8.43622 9.20035
36.6558 8.35622 9.17535
36.6755 8.27622 9.15035
36.6949 8.19623 9.12535
36.7139 8.11623 9.10035
36.7325 8.03625 9.07535
36.7507 7.95627 9.05035
36.7685 7.8763 9.02535
36.7859 7.79634 9.00035
36.803 7.71639 8.97535
36.8196 7.63646 8.95035
36.8358 7.55655 8.92535
36.8516 7.47666 8.90035
36.8671 7.39679 8.87535
36.8821 7.31695 8.85035
36.8966 7.23713 8.82535
36.9108 7.15734 8.80035
36.9246 7.07759 8.77535
36.9379 6.99787 8.75035
36.9508 6.91818 8.72536
36.9633 6.83853 8.70036
36.9754 6.75893 8.67536
36.987 6.67937 8.65036
36.9983 6.59985 8.62536
37.009 6.52038 8.60036
37.0194 6.44097 8.57536
37.0293 6.3616 8.55036
37.0388 6.2823 8.52536
37.0479 6.20305 8.50036
37.0565 6.12386 8.47536
37.0647 6.04474 8.45036
37.0724 5.96568 8.42536
37.0797 5.8867 8.40036
37.0866 5.80778 8.37536
37.0931 5.72894 8.35036
37.0991 5.65017 8.32536
37.1047 5.57148 8.30036
37.1098 5.49287 8.27536
37.1145 5.41435 8.25036
37.1188 5.33591 8.22536
37.1226 5.25756 8.20036
37.126 5.1793 8.17536
37.129 5.10113 8.15036
37.1315 5.02306 8.12536
37.1336 4.94509 8.10036
37.1353 4.86721 8.07537
37.1366 4.78944 8.05037
37.1374 4.71177 8.02537
37.1378 4.6342 8.00037
37.1378 4.55675 7.97537
37.1374 4.4794 7.95037
37.1365 4.40216 7.92537
37.1353 4.32504 7.90037
37.1336 4.24804 7.87537
37.1315 4.17115 7.85037
37.129 4.09437 7.82537
37.1261 4.01772 7.80037
37.1228 3.94119 7.77537
37.1191 3.86479 7.75037
37.115 3.7885 7.72537
37.1105 3.71235 7.70037
37.1056 3.63632 7.67536
37.1003 3.56042 7.65036
37.0946 3.48464 7.62536
37.0886 3.409 7.60036
37.0822 3.33349 7.57536
37.0754 3.25811 7.55036
37.0682 3.18286 7.52536
37.0607 3.10775 7.50036
37.0528 3.03276 7.47536
37.0446 2.95792 7.45036
37.036 2.8832 7.42536
37.027 2.80863 7.40036
37.0177 2.73418 7.37536
37.0081 2.65987 7.35036
36.9981 2.5857 7.32536
36.9878 2.51166 7.30036
36.9772 2.43776 7.27536
36.9662 2.36399 7.25036
36.955 2.29035 7.22536
36.9434 2.21684 7.20036
36.9315 2.14347 7.17536
36.9193 2.07023 7.15036
36.9068 1.99712 7.12536
36.8941 1.92414 7.10036
36.881 1.85129 7.07536
36.8677 1.77856 7.05036
36.8541 1.70596 7.02536
36.8402 1.63349 7.00036
36.8261 1.56114 6.97536
36.8117 1.48891 6.95036
36.797 1.4168 6.92536
36.7821 1.34481 6.90036
36.767 1.27293 6.87536
36.7517 1.20117 6.85036
36.7361 1.12952 6.82536
36.7203 1.05798 6.80036
36.7043 0.986549 6.77536
36.688 0.915222 6.75036
36.6716 0.844 6.72536
36.655 0.77288 6.70036
36.6381 0.701859 6.67536
36.6211 0.630936 6.65036
36.6039 0.560109 6.62536
36.5866 0.489375 6.60036
36.569 0.418733 6.57536
36.5513 0.34818 6.55036
36.5334 0.277714 6.52536
36.5154 0.207333 6.50036
36.4972 0.137036 6.47536
36.4789 0.0668185 6.45036
36.4604 -0.00332024 6.42536
36.4418 -0.0733828 6.40036
36.423 -0.143372 6.37536
36.4041 -0.213289 6.35036
36.3851 -0.283137 6.32536
36.366 -0.352917 6.30036
36.3468 -0.422634 6.27536
36.3274 -0.492288 6.25036
36.308 -0.561882 6.22536
36.2884 -0.631419 6.20036
36.2688 -0.700901 6.17536
36.249 -0.77033 6.15036
36.2292 -0.839709 6.12536
36.2093 -0.90904 6.10036
36.1893 -0.978326 6.07536
36.1692 -1.04757 6.05036
36.1491 -1.11677 6.02536
36.1289 -1.18594 6.00036
36.1086 -1.25507 5.97536
36.0883 -1.32416 5.95036
36.0679 -1.39323 5.92536
36.0475 -1.46227 5.90036
36.0271 -1.53129 5.87536
36.0066 -1.60029 5.85036
35.9861 -1.66927 5.82536
35.9655 -1.73824 5.80036
35.945 -1.8072 5.77536
35.9244 -1.87615 5.75036
35.9038 -1.9451 5.72536
35.8832 -2.01405 5.70036
35.8627 -2.083 5.67536
35.8421 -2.15196 5.65036
35.8216 -2.22093 5.62536
35.8011 -2.28992 5.60036
35.7806 -2.35893 5.57536
35.7602 -2.42796 5.55036
35.7398 -2.49702 5.52536
35.7195 -2.56611 5.50036
35.6992 -2.63524 5.47536
35.679 -2.7044 5.45036
35.6589 -2.77361 5.42536
35.6388 -2.84286 5.40036
35.6189 -2.91216 5.37536
35.599 -2.98152 5.35036
35.5792 -3.05094 5.32536
35.5596 -3.12042 5.30036
35.54 -3.18997 5.27536
35.5206 -3.25958 5.25036
35.5013 -3.32928 5.22536
35.4822 -3.39905 5.20036
35.4632 -3.4689 5.17536
35.4444 -3.53883 5.15036
35.4257 -3.60886 5.12536
35.4072 -3.67898 5.10036
35.3888 -3.7492 5.07536
35.3707 -3.81951 5.05035
35.3527 -3.88993 5.02535
35.335 -3.96046 5.00035
35.3174 -4.0311 4.97535
35.3001 -4.10185 4.95035
35.2829 -4.17272 4.92535
35.2661 -4.24371 4.90035
35.2494 -4.31482 4.87535
35.233 -4.38606 4.85035
35.2169 -4.45742 4.82535
35.201 -4.52892 4.80035
35.1854 -4.60055 4.77535
35.17 -4.67232 4.75035
35.155 -4.74423 4.72535
35.1402 -4.81629 4.70035
35.1257 -4.88848 4.67535
35.1116 -4.96082 4.65035
35.0977 -5.03331 4.62535
35.0842 -5.10595 4.60035
35.071 -5.17875 4.57535
35.0582 -5.25169 4.55035
35.0457 -5.32479 4.52535
35.0335 -5.39805 4.50035
35.0217 -5.47146 4.47535
35.0103 -5.54504 4.45035
34.9993 -5.61877 4.42535
34.9886 -5.69266 4.40035
34.9784 -5.76672 4.37535
34.9685 -5.84093 4.35035
34.959 -5.9153 4.32535
34.95 -5.98984 4.30035
34.9413 -6.06453 4.27535
34.9331 -6.13938 4.25035
34.9253 -6.21439 4.22535
34.9179 -6.28956 4.20035
34.9109 -6.36488 4.17535
34.9044 -6.44036 4.15035
34.8983 -6.51599 4.12535
34.8927 -6.59178 4.10035
34.8875 -6.66771 4.07535
34.8828 -6.7438 4.05035
34.8786 -6.82003 4.02535
34.8748 -6.89641 4.00035
34.8714 -6.97293 3.97535
34.8686 -7.04959 3.95035
34.8662 -7.12639 3.92535
34.8642 -7.20333 3.90035
34.8628 -7.2804 3.87535
34.8618 -7.3576 3.85035
34.8613 -7.43494 3.82535
34.8613 -7.51239 3.80035
34.8618 -7.58998 3.77535
34.8628 -7.66768 3.75035
34.8642 -7.7455 3.72535
34.8662 -7.82343 3.70035
34.8686 -7.90148 3.67535
34.8715 -7.97963 3.65035
34.8749 -8.0579 3.62535
34.8788 -8.13626 3.60035
34.8832 -8.21472 3.57535
34.8881 -8.29328 3.55035
34.8935 -8.37193 3.52535
34.8994 -8.45067 3.50035
34.9057 -8.5295 3.47535
34.9126 -8.60841 3.45035
34.9199 -8.6874 3.42535
34.9277 -8.76647 3.40035
34.936 -8.84561 3.37535
34.9448 -8.92482 3.35035
34.9541 -9.0041 3.32535
34.9638 -9.08344 3.30035
34.9741 -9.16284 3.27535
34.9848 -9.2423 3.25035
34.996 -9.32181 3.22535
35.0076 -9.40137 3.20035
35.0197 -9.48098 3.17535
35.0323 -9.56064 3.15035
35.0454 -9.64034 3.12535
35.0589 -9.72007 3.10035
35.0728 -9.79985 3.07535
35.0873 -9.87965 3.05035
35.1021 -9.95949 3.02535
35.1174 -10.0393 3.00035
35.1332 -10.1192 2.97535
35.1494 -10.1991 2.95035
35.166 -10.2791 2.92535
35.183 -10.359 2.90035
35.2005 -10.439 2.87535
35.2184 -10.5189 2.85035
35.2366 -10.5989 2.82535
35.2553 -10.6789 2.80035
35.2744 -10.7589 2.77535
35.2939 -10.8389 2.75035
35.3138 -10.9189 2.72535
35.3341 -10.9989 2.70035
35.3547 -11.0789 2.67535
35.3758 -11.1589 2.65035
35.3971 -11.2389 2.62535
35.4189 -11.3189 2.60035
35.441 -11.3988 2.57535
35.4634 -11.4788 2.55035
35.4862 -11.5588 2.52535
35.5094 -11.6387 2.50035
35.5328 -11.7186 2.47535
35.5566 -11.7985 2.45035
35.5807 -11.8784 2.42534
35.6051 -11.9583 2.40034
35.6298 -12.0382 2.37534
35.6548 -12.118 2.35034
35.68 -12.1978 2.32534
35.7056 -12.2776 2.30034
35.7314 -12.3574 2.27534
35.7575 -12.4372 2.25034
35.7838 -12.517 2.22534
35.8104 -12.5967 2.20034
35.8372 -12.6764 2.17534
35.8643 -12.7561 2.15034
35.8916 -12.8357 2.12534
35.9191 -12.9154 2.10034
35.9468 -12.995 2.07534
35.9747 -13.0746 2.05034
36.0028 -13.1542 2.02534
36.0311 -13.2338 2.00034
36.0595 -13.3133 1.97534
36.0881 -13.3929 1.95034
36.1169 -13.4724 1.92534
36.1458 -13.5519 1.90034
36.1749 -13.6314 1.87534
36.2041 -13.7108 1.85034
36.2334 -13.7903 1.82534
36.2629 -13.8697 1.80034
36.2924 -13.9492 1.77534
36.3221 -14.0286 1.75034
36.3518 -14.108 1.72534
36.3816 -14.1874 1.70034
36.4115 -14.2668 1.67534
36.4415 -14.3461 1.65034
36.4715 -14.4255 1.62534
36.5015 -14.5049 1.60034
36.5316 -14.5842 1.57534
36.5617 -14.6636 1.55034
36.5919 -14.743 1.52534
36.622 -14.8223 1.50034
36.6521 -14.9017 1.47534
36.6823 -14.981 1.45034
36.7124 -15.0604 1.42534
36.7425 -15.1397 1.40034
36.7725 -15.2191 1.37534
36.8025 -15.2985 1.35034
36.8325 -15.3779 1.32534
36.8624 -15.4572 1.30034
36.8922 -15.5366 1.27534
36.9219 -15.616 1.25034
36.9516 -15.6955 1.22534
36.9811 -15.7749 1.20034
37.0105 -15.8543 1.17534
37.0399 -15.9338 1.15034
37.0691 -16.0133 1.12534
37.0981 -16.0927 1.10034
37.127 -16.1723 1.07534
37.1558 -16.2518 1.05034
37.1844 -16.3313 1.02534
37.2128 -16.4109 1.00034
37.241 -16.4904 0.975344
37.2691 -16.57 0.950344
37.2969 -16.6496 0.925344
37.3245 -16.7293 0.900344
37.352 -16.8089 0.875344
37.3792 -16.8886 0.850344
37.4061 -16.9683 0.825344
37.4328 -17.048 0.800344
37.4593 -17.1278 0.775344
37.4855 -17.2075 0.750345
37.5114 -17.2873 0.725345
37.5371 -17.3671 0.700345
37.5624 -17.4469 0.675345
37.5875 -17.5268 0.650345
37.6122 -17.6066 0.625345
37.6367 -17.6865 0.600345
37.6608 -17.7664 0.575345
37.6846 -17.8463 0.550345
37.708 -17.9262 0.525345
37.7311 -18.0062 0.500345
37.7538 -18.0861 0.475345
37.7762 -18.1661 0.450345
37.7982 -18.2461 0.425345
37.8198 -18.326 0.400345
37.8411 -18.406 0.375345
37.8619 -18.486 0.350345
37.8823 -18.566 0.325345
37.9023 -18.646 0.300345
37.9219 -18.726 0.275345
37.9411 -18.806 0.250345
37.9598 -18.886 0.225345
37.978 -18.966 0.200345
37.9959 -19.046 0.175345
38.0132 -19.1259 0.150345
38.0301 -19.2059 0.125345
38.0465 -19.2858 0.100345
38.0625 -19.3657 0.0753447
38.0779 -19.4455 0.0503447
38.0929 -19.5254 0.0253447
38.1073 -19.6052 0.000344671
