0 0
-0.022449 0.01
-0.0324849 0.02
-0.040343 0.03
-0.0470643 0.04
-0.0530748 0.05
-0.0585761 0.06
-0.0636965 0.07
-0.0685089 0.08
-0.073081 0.09
-0.0774394 0.1
-0.0816251 0.11
-0.0856602 0.12
-0.0895635 0.13
-0.0933504 0.14
-0.097034 0.15
-0.100623 0.16
-0.104125 0.17
-0.107553 0.18
-0.110913 0.19
-0.114202 0.2
-0.117436 0.21
-0.120614 0.22
-0.123741 0.23
-0.126821 0.24
-0.129856 0.25
-0.132849 0.26
-0.135804 0.27
-0.13872 0.28
-0.141604 0.29
-0.144454 0.3
-0.147273 0.31
-0.150064 0.32
-0.152826 0.33
-0.155562 0.34
-0.158273 0.35
-0.160961 0.36
-0.163624 0.37
-0.166266 0.38
-0.168888 0.39
-0.171491 0.4
-0.174074 0.41
-0.176638 0.42
-0.179186 0.43
-0.181716 0.44
-0.184232 0.45
-0.186731 0.46
-0.189216 0.47
-0.191686 0.48
-0.194142 0.49
-0.196585 0.5
-0.199016 0.51
-0.201434 0.52
-0.203841 0.53
-0.206236 0.54
-0.20862 0.55
-0.210994 0.56
-0.213357 0.57
-0.215711 0.58
-0.218055 0.59
-0.22039 0.6
-0.222715 0.61
-0.225032 0.62
-0.227341 0.63
-0.229642 0.64
-0.231934 0.65
-0.23422 0.66
-0.236497 0.67
-0.238768 0.68
-0.241032 0.69
-0.243289 0.7
-0.24554 0.71
-0.247784 0.72
-0.250023 0.73
-0.252255 0.74
-0.254482 0.75
-0.256704 0.76
-0.25892 0.77
-0.261131 0.78
-0.263337 0.79
-0.265538 0.8
-0.267734 0.81
-0.269926 0.82
-0.272114 0.83
-0.274297 0.84
-0.276476 0.85
-0.278651 0.86
-0.280822 0.87
-0.28299 0.88
-0.285153 0.89
-0.287313 0.9
-0.28947 0.91
-0.291624 0.92
-0.293774 0.93
-0.295922 0.94
-0.298066 0.95
-0.300207 0.96
-0.302345 0.97
-0.304481 0.98
-0.306615 0.99
-0.308745 1
-0.310874 1.01
-0.313 1.02
-0.315124 1.03
-0.317245 1.04
-0.319364 1.05
-0.321482 1.06
-0.323597 1.07
-0.325711 1.08
-0.327823 1.09
-0.329933 1.1
-0.332041 1.11
-0.334148 1.12
-0.336254 1.13
-0.338358 1.14
-0.340461 1.15
-0.342562 1.16
-0.344662 1.17
-0.34676 1.18
-0.348858 1.19
-0.350955 1.2
-0.353051 1.21
-0.355145 1.22
-0.357239 1.23
-0.359332 1.24
-0.361424 1.25
-0.363516 1.26
-0.365606 1.27
-0.367696 1.28
-0.369786 1.29
-0.371875 1.3
-0.373963 1.31
-0.376052 1.32
-0.378139 1.33
-0.380227 1.34
-0.382314 1.35
-0.3844 1.36
-0.386487 1.37
-0.388573 1.38
-0.39066 1.39
-0.392746 1.4
-0.394832 1.41
-0.396918 1.42
-0.399005 1.43
-0.401091 1.44
-0.403177 1.45
-0.405264 1.46
-0.407351 1.47
-0.409438 1.48
-0.411525 1.49
-0.413613 1.5
-0.415701 1.51
-0.417789 1.52
-0.419878 1.53
-0.421967 1.54
-0.424057 1.55
-0.426147 1.56
-0.428238 1.57
-0.43033 1.58
-0.432422 1.59
-0.434514 1.6
-0.436608 1.61
-0.438702 1.62
-0.440796 1.63
-0.442892 1.64
-0.444989 1.65
-0.447086 1.66
-0.449184 1.67
-0.451283 1.68
-0.453383 1.69
-0.455484 1.7
-0.457586 1.71
-0.459689 1.72
-0.461793 1.73
-0.463898 1.74
-0.466004 1.75
-0.468111 1.76
-0.47022 1.77
-0.472329 1.78
-0.47444 1.79
-0.476552 1.8
-0.478665 1.81
-0.48078 1.82
-0.482896 1.83
-0.485013 1.84
-0.487131 1.85
-0.489251 1.86
-0.491372 1.87
-0.493495 1.88
-0.495619 1.89
-0.497745 1.9
-0.499872 1.91
-0.502001 1.92
-0.504131 1.93
-0.506263 1.94
-0.508396 1.95
-0.510531 1.96
-0.512668 1.97
-0.514806 1.98
-0.516946 1.99
-0.519088 2
-0.521231 2.01
-0.523376 2.02
-0.525523 2.03
-0.527672 2.04
-0.529822 2.05
-0.531975 2.06
-0.534129 2.07
-0.536285 2.08
-0.538443 2.09
-0.540603 2.1
-0.542764 2.11
-0.544928 2.12
-0.547094 2.13
-0.549261 2.14
-0.551431 2.15
-0.553602 2.16
-0.555776 2.17
-0.557952 2.18
-0.560129 2.19
-0.56231 2.2
-0.564492 2.21
-0.566675 2.22
-0.568862 2.23
-0.571051 2.24
-0.573241 2.25
-0.575434 2.26
-0.577629 2.27
-0.579827 2.28
-0.582026 2.29
-0.584228 2.3
-0.586432 2.31
-0.588638 2.32
-0.590847 2.33
-0.593058 2.34
-0.595272 2.35
-0.597487 2.36
-0.599706 2.37
-0.601927 2.38
-0.604149 2.39
-0.606375 2.4
-0.608603 2.41
-0.610833 2.42
-0.613066 2.43
-0.615302 2.44
-0.61754 2.45
-0.61978 2.46
-0.622023 2.47
-0.624269 2.48
-0.626517 2.49
-0.628767 2.5
-0.631021 2.51
-0.633277 2.52
-0.635535 2.53
-0.637796 2.54
-0.640061 2.55
-0.642327 2.56
-0.644596 2.57
-0.646868 2.58
-0.649143 2.59
-0.651421 2.6
-0.653701 2.61
-0.655984 2.62
-0.65827 2.63
-0.660558 2.64
-0.662849 2.65
-0.665144 2.66
-0.66744 2.67
-0.66974 2.68
-0.672043 2.69
-0.674349 2.7
-0.676657 2.71
-0.678969 2.72
-0.681283 2.73
-0.683599 2.74
-0.68592 2.75
-0.688243 2.76
-0.690569 2.77
-0.692898 2.78
-0.69523 2.79
-0.697565 2.8
-0.699903 2.81
-0.702244 2.82
-0.704588 2.83
-0.706934 2.84
-0.709285 2.85
-0.711638 2.86
-0.713994 2.87
-0.716354 2.88
-0.718716 2.89
-0.721081 2.9
-0.72345 2.91
-0.725822 2.92
-0.728197 2.93
-0.730575 2.94
-0.732956 2.95
-0.735341 2.96
-0.737728 2.97
-0.740119 2.98
-0.742513 2.99
-0.74491 3
-0.747311 3.01
-0.749715 3.02
-0.752121 3.03
-0.754531 3.04
-0.756945 3.05
-0.759362 3.06
-0.761781 3.07
-0.764205 3.08
-0.766632 3.09
-0.769061 3.1
-0.771495 3.11
-0.773931 3.12
-0.776371 3.13
-0.778814 3.14
-0.781261 3.15
-0.783711 3.16
-0.786164 3.17
-0.788621 3.18
-0.791081 3.19
-0.793544 3.2
-0.796011 3.21
-0.798481 3.22
-0.800955 3.23
-0.803432 3.24
-0.805913 3.25
-0.808396 3.26
-0.810884 3.27
-0.813375 3.28
-0.815869 3.29
-0.818366 3.3
-0.820868 3.31
-0.823373 3.32
-0.825881 3.33
-0.828393 3.34
-0.830908 3.35
-0.833427 3.36
-0.835949 3.37
-0.838475 3.38
-0.841004 3.39
-0.843536 3.4
-0.846073 3.41
-0.848613 3.42
-0.851156 3.43
-0.853703 3.44
-0.856254 3.45
-0.858808 3.46
-0.861366 3.47
-0.863927 3.48
-0.866492 3.49
-0.86906 3.5
-0.871633 3.51
-0.874208 3.52
-0.876787 3.53
-0.87937 3.54
-0.881956 3.55
-0.884546 3.56
-0.88714 3.57
-0.889737 3.58
-0.892337 3.59
-0.894942 3.6
-0.89755 3.61
-0.900161 3.62
-0.902776 3.63
-0.905396 3.64
-0.908018 3.65
-0.910644 3.66
-0.913274 3.67
-0.915908 3.68
-0.918544 3.69
-0.921185 3.7
-0.92383 3.71
-0.926477 3.72
-0.929129 3.73
-0.931785 3.74
-0.934443 3.75
-0.937105 3.76
-0.939772 3.77
-0.942442 3.78
-0.945114 3.79
-0.947792 3.8
-0.950473 3.81
-0.953157 3.82
-0.955845 3.83
-0.958537 3.84
-0.961232 3.85
-0.963931 3.86
-0.966634 3.87
-0.96934 3.88
-0.97205 3.89
-0.974764 3.9
-0.977481 3.91
-0.980201 3.92
-0.982926 3.93
-0.985655 3.94
-0.988386 3.95
-0.991121 3.96
-0.99386 3.97
-1.65174 3.89
-1.65127 3.9
-1.6508 3.91
-1.65034 3.92
-1.64987 3.93
-1.64941 3.94
-1.64894 3.95
-1.64848 3.96
-1.64801 3.97
-1.64755 3.98
-1.64708 3.99
-1.64662 4
-1.64616 4.01
-1.6457 4.02
-1.64524 4.03
-1.64477 4.04
-1.64431 4.05
-1.64385 4.06
-1.64339 4.07
-1.64293 4.08
-1.64247 4.09
-1.64201 4.1
-1.64155 4.11
-1.64109 4.12
-1.64063 4.13
-1.64018 4.14
-1.63972 4.15
-1.63926 4.16
-1.6388 4.17
-1.63834 4.18
-1.63788 4.19
-1.63742 4.2
-1.63697 4.21
-1.63651 4.22
-1.63605 4.23
-1.63559 4.24
-1.63513 4.25
-1.63467 4.26
-1.63421 4.27
-1.63376 4.28
-1.6333 4.29
-1.63284 4.3
-1.63238 4.31
-1.63192 4.32
-1.63146 4.33
-1.631 4.34
-1.63054 4.35
-1.63008 4.36
-1.62962 4.37
-1.62916 4.38
-1.6287 4.39
-1.62824 4.4
-1.62778 4.41
-1.62732 4.42
-1.62686 4.43
-1.6264 4.44
-1.62594 4.45
-1.62547 4.46
-1.62501 4.47
-1.62455 4.48
-1.62409 4.49
-1.62362 4.5
-1.62316 4.51
-1.62269 4.52
-1.62223 4.53
-1.62176 4.54
-1.6213 4.55
-1.62083 4.56
-1.62037 4.57
-1.6199 4.58
-1.61943 4.59
-1.61897 4.6
-1.6185 4.61
-1.61803 4.62
-1.61756 4.63
-1.61709 4.64
-1.61662 4.65
-1.61615 4.66
-1.61568 4.67
-1.61521 4.68
-1.61474 4.69
-1.61426 4.7
-1.61379 4.71
-1.61332 4.72
-1.61284 4.73
-1.61237 4.74
-1.61189 4.75
-1.61142 4.76
-1.61094 4.77
-1.61046 4.78
-1.60998 4.79
-1.6095 4.8
-1.60902 4.81
-1.60854 4.82
-1.60806 4.83
-1.60758 4.84
-1.6071 4.85
-1.60662 4.86
-1.60613 4.87
-1.60565 4.88
-1.60516 4.89
-1.60468 4.9
-1.60419 4.91
-1.6037 4.92
-1.60321 4.93
-1.60272 4.94
-1.60223 4.95
-1.60174 4.96
-1.60125 4.97
-1.60076 4.98
-1.60026 4.99
-1.59977 5
-1.59927 5.01
-1.59878 5.02
-1.59828 5.03
-1.59778 5.04
-1.59728 5.05
-1.59678 5.06
-1.59628 5.07
-1.59578 5.08
-1.59527 5.09
-1.59477 5.1
-1.59427 5.11
-1.59376 5.12
-1.59325 5.13
-1.59274 5.14
-1.59224 5.15
-1.59172 5.16
-1.59121 5.17
-1.5907 5.18
-1.59019 5.19
-1.58967 5.2
-1.58916 5.21
-1.58864 5.22
-1.58812 5.23
-1.5876 5.24
-1.58708 5.25
-1.58656 5.26
-1.58604 5.27
-1.58551 5.28
-1.58499 5.29
-1.58446 5.3
-1.58393 5.31
-1.58341 5.32
-1.58288 5.33
-1.58234 5.34
-1.58181 5.35
-1.58128 5.36
-1.58074 5.37
-1.5802 5.38
-1.57967 5.39
-1.57913 5.4
-1.57859 5.41
-1.57804 5.42
-1.5775 5.43
-1.57695 5.44
-1.57641 5.45
-1.57586 5.46
-1.57531 5.47
-1.57476 5.48
-1.57421 5.49
-1.57365 5.5
-1.5731 5.51
-1.57254 5.52
-1.57198 5.53
-1.57142 5.54
-1.57086 5.55
-1.5703 5.56
-1.56973 5.57
-1.56916 5.58
-1.5686 5.59
-1.56803 5.6
-1.56745 5.61
-1.56688 5.62
-1.56631 5.63
-1.56573 5.64
-1.56515 5.65
-1.56457 5.66
-1.56399 5.67
-1.5634 5.68
-1.56282 5.69
-1.56223 5.7
-1.56164 5.71
-1.56105 5.72
-1.56046 5.73
-1.55986 5.74
-1.55926 5.75
-1.55867 5.76
-1.55806 5.77
-1.55746 5.78
-1.55686 5.79
-1.55625 5.8
-1.55564 5.81
-1.55503 5.82
-1.55442 5.83
-1.5538 5.84
-1.55318 5.85
-1.55256 5.86
-1.55194 5.87
-1.55132 5.88
-1.55069 5.89
-1.55006 5.9
-1.54943 5.91
-1.5488 5.92
-1.54817 5.93
-1.54753 5.94
-1.54689 5.95
-1.54625 5.96
-1.5456 5.97
-1.54495 5.98
-1.5443 5.99
-1.54365 6
-1.543 6.01
-1.54234 6.02
-1.54168 6.03
-1.54102 6.04
-1.54035 6.05
-1.53969 6.06
-1.53902 6.07
-1.53834 6.08
-1.53767 6.09
-1.53699 6.1
-1.53631 6.11
-1.53563 6.12
-1.53494 6.13
-1.53425 6.14
-1.53356 6.15
-1.53286 6.16
-1.53216 6.17
-1.53146 6.18
-1.53076 6.19
-1.53005 6.2
-1.52934 6.21
-1.52863 6.22
-1.52791 6.23
-1.52719 6.24
-1.52647 6.25
-1.52574 6.26
-1.52501 6.27
-1.52428 6.28
-1.52354 6.29
-1.5228 6.3
-1.52206 6.31
-1.52131 6.32
-1.52056 6.33
-1.5198 6.34
-1.51905 6.35
-1.51829 6.36
-1.51752 6.37
-1.51675 6.38
-1.51598 6.39
-1.5152 6.4
-1.51442 6.41
-1.51364 6.42
-1.51285 6.43
-1.51206 6.44
-1.51126 6.45
-1.51046 6.46
-1.50966 6.47
-1.50885 6.48
-1.50803 6.49
-1.50722 6.5
-1.50639 6.51
-1.50557 6.52
-1.50474 6.53
-1.5039 6.54
-1.50306 6.55
-1.50222 6.56
-1.50137 6.57
-1.50051 6.58
-1.49965 6.59
-1.49879 6.6
-1.49792 6.61
-1.49705 6.62
-1.49617 6.63
-1.49528 6.64
-1.49439 6.65
-1.4935 6.66
-1.4926 6.67
-1.49169 6.68
-1.49078 6.69
-1.48986 6.7
-1.48894 6.71
-1.48801 6.72
-1.48708 6.73
-1.48614 6.74
-1.48519 6.75
-1.48424 6.76
-1.48328 6.77
-1.48231 6.78
-1.48134 6.79
-1.48036 6.8
-1.47938 6.81
-1.47839 6.82
-1.47739 6.83
-1.47638 6.84
-1.47537 6.85
-1.47435 6.86
-1.47332 6.87
-1.47229 6.88
-1.47125 6.89
-1.4702 6.9
-1.46914 6.91
-1.46808 6.92
-2.50023 6.84
-2.49994 6.85
-2.49964 6.86
-2.49934 6.87
-2.49905 6.88
-2.49875 6.89
-2.49845 6.9
-2.49814 6.91
-2.49784 6.92
-2.49754 6.93
-2.49724 6.94
-2.49693 6.95
-2.49662 6.96
-2.49632 6.97
-2.49601 6.98
-2.4957 6.99
-2.49539 7
-2.49507 7.01
-2.49476 7.02
-2.49444 7.03
-2.49413 7.04
-2.49381 7.05
-2.49349 7.06
-2.49317 7.07
-2.49285 7.08
-2.49252 7.09
-2.4922 7.1
-2.49187 7.11
-2.49154 7.12
-2.49121 7.13
-2.49088 7.14
-2.49055 7.15
-2.49021 7.16
-2.48987 7.17
-2.48953 7.18
-2.48919 7.19
-2.48885 7.2
-2.48851 7.21
-2.48816 7.22
-2.48781 7.23
-2.48746 7.24
-2.48711 7.25
-2.48676 7.26
-2.4864 7.27
-2.48604 7.28
-2.48568 7.29
-2.48532 7.3
-2.48495 7.31
-2.48459 7.32
-2.48422 7.33
-2.48385 7.34
-2.48347 7.35
-2.4831 7.36
-2.48272 7.37
-2.48233 7.38
-2.48195 7.39
-2.48156 7.4
-2.48117 7.41
-2.48078 7.42
-2.48038 7.43
-2.47999 7.44
-2.47959 7.45
-2.47918 7.46
-2.47877 7.47
-2.47836 7.48
-2.47795 7.49
-2.47753 7.5
-2.47712 7.51
-2.47669 7.52
-2.47626 7.53
-2.47584 7.54
-2.4754 7.55
-2.47496 7.56
-2.47452 7.57
-2.47408 7.58
-2.47363 7.59
-2.47318 7.6
-2.47272 7.61
-2.47226 7.62
-2.4718 7.63
-2.47133 7.64
-2.47086 7.65
-2.47038 7.66
-2.4699 7.67
-2.46941 7.68
-2.46892 7.69
-2.46843 7.7
-2.46793 7.71
-2.46742 7.72
-2.46691 7.73
-2.46639 7.74
-2.46587 7.75
-2.46535 7.76
-2.46481 7.77
-2.46428 7.78
-2.46373 7.79
-2.46318 7.8
-2.46263 7.81
-2.46206 7.82
-2.4615 7.83
-2.46092 7.84
-2.46034 7.85
-2.45975 7.86
-2.45916 7.87
-2.45855 7.88
-2.45794 7.89
-2.45733 7.9
-2.4567 7.91
-2.45606 7.92
-2.45542 7.93
-2.45477 7.94
-2.45411 7.95
-2.45345 7.96
-2.45277 7.97
-2.45208 7.98
-2.45139 7.99
-2.45068 8
-2.44996 8.01
-2.44924 8.02
-2.4485 8.03
-2.44775 8.04
-2.44699 8.05
-2.44622 8.06
-2.44543 8.07
-2.44464 8.08
-2.44383 8.09
-2.443 8.1
-2.44217 8.11
-2.44131 8.12
-2.44045 8.13
-2.43956 8.14
-2.43867 8.15
-2.43775 8.16
-2.43682 8.17
-2.43587 8.18
-2.43491 8.19
-2.43392 8.2
-2.43292 8.21
-2.43189 8.22
-2.43085 8.23
-2.42978 8.24
-2.42868 8.25
-2.42757 8.26
-2.42643 8.27
-2.42526 8.28
-2.42407 8.29
-2.42285 8.3
-2.4216 8.31
-2.42031 8.32
-2.419 8.33
-2.41765 8.34
-2.41627 8.35
-2.41485 8.36
-2.41338 8.37
-2.41188 8.38
-2.41034 8.39
-2.40875 8.4
-2.40711 8.41
-2.40542 8.42
-2.40368 8.43
-2.40188 8.44
-2.40002 8.45
-2.39809 8.46
-2.39609 8.47
-2.39403 8.48
-2.39188 8.49
-2.38965 8.5
-2.38733 8.51
-2.38492 8.52
-2.3824 8.53
-2.37977 8.54
-2.37702 8.55
-2.37414 8.56
-2.37111 8.57
-2.36793 8.58
-2.36458 8.59
-2.36103 8.6
-2.3573 8.61
-2.35331 8.62
-2.34909 8.63
-2.34457 8.64
-2.33974 8.65
-2.33456 8.66
-2.32894 8.67
-2.32287 8.68
-2.31626 8.69
-2.30903 8.7
-2.30104 8.71
-2.29217 8.72
-2.28224 8.73
-2.27098 8.74
-2.2581 8.75
-2.24319 8.76
-2.22557 8.77
-2.2044 8.78
-2.17808 8.79
-2.14441 8.8
-2.09881 8.81
-2.0331 8.82
-1.92747 8.83
-1.72272 8.84
-1.22451 8.85
-0.453719 8.86
-0.0678786 8.87
0.102685 8.88
0.197439 8.89
0.258357 8.9
0.301587 8.91
0.334236 8.92
0.360041 8.93
0.381061 8.94
0.398632 8.95
0.413644 8.96
0.426694 8.97
0.438126 8.98
0.448293 8.99
0.457429 9
0.465701 9.01
0.473247 9.02
0.480156 9.03
0.486527 9.04
0.492443 9.05
0.497965 9.06
0.503107 9.07
0.507943 9.08
0.512502 9.09
0.516797 9.1
0.520879 9.11
0.524739 9.12
0.528428 9.13
0.531937 9.14
0.535296 9.15
0.538516 9.16
0.541597 9.17
0.544567 9.18
0.547422 9.19
0.550171 9.2
0.55283 9.21
0.555402 9.22
0.557883 9.23
0.56029 9.24
0.562627 9.25
0.564899 9.26
0.567101 9.27
0.569244 9.28
0.571332 9.29
0.573368 9.3
0.575355 9.31
0.577294 9.32
0.579185 9.33
0.581035 9.34
0.582845 9.35
0.584617 9.36
0.586353 9.37
0.588055 9.38
0.589724 9.39
0.591362 9.4
0.592969 9.41
0.594549 9.42
0.596101 9.43
0.597628 9.44
0.599129 9.45
0.600606 9.46
0.60206 9.47
0.603493 9.48
0.604905 9.49
0.606296 9.5
0.607669 9.51
0.609023 9.52
0.610359 9.53
0.611678 9.54
0.61298 9.55
0.614267 9.56
0.615539 9.57
0.616796 9.58
0.618039 9.59
0.619268 9.6
0.620485 9.61
0.621689 9.62
0.622881 9.63
0.624061 9.64
0.62523 9.65
0.626388 9.66
0.627536 9.67
0.628673 9.68
0.6298 9.69
0.630918 9.7
0.632026 9.71
0.633126 9.72
0.634217 9.73
0.635301 9.74
0.636376 9.75
0.637444 9.76
0.638503 9.77
0.639556 9.78
-2.78372 9.7
-2.78391 9.71
-2.7841 9.72
-2.78429 9.73
-2.78448 9.74
-2.78467 9.75
-2.78486 9.76
-2.78506 9.77
-2.78525 9.78
-2.78544 9.79
-2.78563 9.8
-2.78583 9.81
-2.78602 9.82
-2.78621 9.83
-2.78641 9.84
-2.7866 9.85
-2.7868 9.86
-2.78699 9.87
-2.78718 9.88
-2.78738 9.89
-2.78758 9.9
-2.78777 9.91
-2.78797 9.92
-2.78816 9.93
-2.78836 9.94
-2.78856 9.95
-2.78876 9.96
-2.78895 9.97
-2.78915 9.98
-2.78935 9.99
-2.78955 10
-2.78975 10.01
-2.78995 10.02
-2.79015 10.03
-2.79035 10.04
-2.79055 10.05
-2.79075 10.06
-2.79095 10.07
-2.79116 10.08
-2.79136 10.09
-2.79156 10.1
-2.79177 10.11
-2.79197 10.12
-2.79217 10.13
-2.79238 10.14
-2.79259 10.15
-2.79279 10.16
-2.793 10.17
-2.79321 10.18
-2.79341 10.19
-2.79362 10.2
-2.79383 10.21
-2.79404 10.22
-2.79425 10.23
-2.79446 10.24
-2.79467 10.25
-2.79488 10.26
-2.79509 10.27
-2.79531 10.28
-2.79552 10.29
-2.79573 10.3
-2.79595 10.31
-2.79616 10.32
-2.79638 10.33
-2.7966 10.34
-2.79681 10.35
-2.79703 10.36
-2.79725 10.37
-2.79747 10.38
-2.79769 10.39
-2.79791 10.4
-2.79813 10.41
-2.79835 10.42
-2.79857 10.43
-2.79879 10.44
-2.79902 10.45
-2.79924 10.46
-2.79947 10.47
-2.79969 10.48
-2.79992 10.49
-2.80015 10.5
-2.80037 10.51
-2.8006 10.52
-2.80083 10.53
-2.80106 10.54
-2.80129 10.55
-2.80152 10.56
-2.80176 10.57
-2.80199 10.58
-2.80222 10.59
-2.80246 10.6
-2.80269 10.61
-2.80293 10.62
-2.80317 10.63
-2.80341 10.64
-2.80365 10.65
-2.80389 10.66
-2.80413 10.67
-2.80437 10.68
-2.80461 10.69
-2.80485 10.7
-2.8051 10.71
-2.80534 10.72
-2.80559 10.73
-2.80584 10.74
-2.80609 10.75
-2.80633 10.76
-2.80658 10.77
-2.80684 10.78
-2.80709 10.79
-2.80734 10.8
-2.80759 10.81
-2.80785 10.82
-2.8081 10.83
-2.80836 10.84
-2.80862 10.85
-2.80888 10.86
-2.80914 10.87
-2.8094 10.88
-2.80966 10.89
-2.80992 10.9
-2.81019 10.91
-2.81045 10.92
-2.81072 10.93
-2.81099 10.94
-2.81126 10.95
-2.81153 10.96
-2.8118 10.97
-2.81207 10.98
-2.81234 10.99
-2.81262 11
-2.81289 11.01
-2.81317 11.02
-2.81345 11.03
-2.81372 11.04
-2.81401 11.05
-2.81429 11.06
-2.81457 11.07
-2.81485 11.08
-2.81514 11.09
-2.81543 11.1
-2.81571 11.11
-2.816 11.12
-2.81629 11.13
-2.81659 11.14
-2.81688 11.15
-2.81717 11.16
-2.81747 11.17
-2.81777 11.18
-2.81807 11.19
-2.81837 11.2
-2.81867 11.21
-2.81897 11.22
-2.81927 11.23
-2.81958 11.24
-2.81989 11.25
-2.8202 11.26
-2.82051 11.27
-2.82082 11.28
-2.82113 11.29
-2.82145 11.3
-2.82176 11.31
-2.82208 11.32
-2.8224 11.33
-2.82272 11.34
-2.82305 11.35
-2.82337 11.36
-2.8237 11.37
-2.82403 11.38
-2.82435 11.39
-2.82469 11.4
-2.82502 11.41
-2.82535 11.42
-2.82569 11.43
-2.82603 11.44
-2.82637 11.45
-2.82671 11.46
-2.82705 11.47
-2.8274 11.48
-2.82775 11.49
-2.8281 11.5
-2.82845 11.51
-2.8288 11.52
-2.82915 11.53
-2.82951 11.54
-2.82987 11.55
-2.83023 11.56
-2.8306 11.57
-2.83096 11.58
-2.83133 11.59
-2.8317 11.6
-2.83207 11.61
-2.83244 11.62
-2.83282 11.63
-2.83319 11.64
-2.83357 11.65
-2.83396 11.66
-2.83434 11.67
-2.83473 11.68
-2.83512 11.69
-2.83551 11.7
-2.8359 11.71
-2.8363 11.72
-2.83669 11.73
-2.83709 11.74
-2.8375 11.75
-2.8379 11.76
-2.83831 11.77
-2.83872 11.78
-2.83913 11.79
-2.83955 11.8
-2.83997 11.81
-2.84039 11.82
-2.84081 11.83
-2.84124 11.84
-2.84167 11.85
-2.8421 11.86
-2.84253 11.87
-2.84297 11.88
-2.84341 11.89
-2.84385 11.9
-2.8443 11.91
-2.84475 11.92
-2.8452 11.93
-2.84565 11.94
-2.84611 11.95
-2.84657 11.96
-2.84703 11.97
-2.8475 11.98
-2.84797 11.99
-2.84845 12
-2.84892 12.01
-2.8494 12.02
-2.84988 12.03
-2.85037 12.04
-2.85086 12.05
-2.85135 12.06
-2.85185 12.07
-2.85235 12.08
-2.85286 12.09
-2.85336 12.1
-2.85388 12.11
-2.85439 12.12
-2.85491 12.13
-2.85543 12.14
-2.85596 12.15
-2.85649 12.16
-2.85702 12.17
-2.85756 12.18
-2.8581 12.19
-2.85865 12.2
-2.8592 12.21
-2.85975 12.22
-2.86031 12.23
-2.86088 12.24
-2.86144 12.25
-2.86202 12.26
-2.86259 12.27
-2.86317 12.28
-2.86376 12.29
-2.86435 12.3
-2.86495 12.31
-2.86554 12.32
-2.86615 12.33
-2.86676 12.34
-2.86738 12.35
-2.86799 12.36
-2.86862 12.37
-2.86925 12.38
-2.86989 12.39
-2.87053 12.4
-2.87117 12.41
-2.87182 12.42
-2.87248 12.43
-2.87315 12.44
-2.87381 12.45
-2.87449 12.46
-2.87517 12.47
-2.87586 12.48
-2.87655 12.49
-2.87725 12.5
-2.87795 12.51
-2.87867 12.52
-2.87938 12.53
