0
0
0
0
0
0
0
0
-0.527368
-0.531002
-0.513747
-0.497372
-0.505945
0
0
0
0
0
0
0
0
0
0
0
0
0
0
0
0
0
0
-0.554535
-0.575451
-0.547217
-0.552759
-0.554669
-0.544282
-0.537433
-0.519782
-0.55977
-0.556275
-0.549283
-0.537254
-0.503511
-0.537691
-0.538516
-0.524141
-0.523495
-0.513065
-0.543336
-0.531525
-0.545095
-0.525426
-0.527764
-0.515379
0
0
0
0
0
0
0
0
0
0
0
0
-0.553246
-0.572533
-0.565616
-0.535416
-0.567834
-0.578049
-0.573564
-0.56143
-0.518214
-0.505017
-0.513101
-0.503913
-0.483729
-0.534237
-0.524572
-0.48134
-0.503007
0
0
0
0
0
0
0
0
0
0
0
0
0
0
0
0
0
0
0
0
0
0
0
0
0
0
-0.534862
-0.527749
-0.506902
-0.51412
-0.524983
-0.497702
-0.494002
-0.547776
-0.554709
-0.50571
-0.509199
-0.522098
-0.522012
-0.510106
-0.561057
-0.556341
-0.56237
0
0
0
0
0
0
0
0
0
0
0
0
0
0
0
0
0
-0.50497
-0.506216
-0.549033
-0.540443
-0.535398
-0.531569
-0.498448
-0.530632
-0.494209
-0.5366
-0.499674
-0.527932
-0.508122
-0.51266
-0.552664
-0.576814
-0.534318
-0.548821
-0.561615
0
0
0
0
0
0
0
0
0
0
0
0
0
0
0
0
0
0
0
0
0
0
0
0
0
0
0
0
0
0
0
0
0
0
0
0
0
0
0
0
0
